1010110000000011000100100000011001011101011000010001110011110100 1000011111011100111111110011110011001110110110101000010011010001
1011001011101100110010111111001001100010111001101100001011101110 1110011101110110010111011111001001110110000110011111011100011111
0110001010111010010011111011100011001100000111001001000011011101 1110101101100000011001011111100111001000001010100101111010011001
0101111000001101000010100110110101010110111011000100111101000000 1110101011011111011010000011010000110111000110101111011000100001
1010010011100010001111000100000001111011111101011011010000110101 1010100110110100111100101111000010110000011001101111010001100100
1100110110001100010101101111100100100111000110101100100011100010 1100111000000100000010110001001101001011001100001100011101010011
0111010110101110101101110001111111010100101101010100011001000101 1111010000100011111111001101110010110010010010001101100110101010
1010010110011110110001011101001001110000011011010100001000111011 1111011000110011011111101011111110100000100011110010101001111111
1110101010111000011111111011111101111100001001000111110101011111 1001001100100000001101100111110101101011100000000000011111000011
1101101111110100111010011001100100001100010011100001000000111001 1011011111110100110010001111111000001110010100101001001100111001
0101001100010001101001110111100101001011111001100101010100111001 0001000110001001100000010011101111001010101011001011110111001110
0110011011111010011110100100100010111101011101000100101101110010 1110110001011010000000100000000110011101011100010100010111011000
1010110000001110011101000001011001101110110010000101010010000101 0100010100111001000010011111001100000000000101001001111111011101
0010010000010110111101010011001001001011011111011100100101011000 0010001011101001011100011010001001011101010000001100010000100110
1100110100110001011100101000001010011111101001101110011100000111 0111000011100010000111101001010001011010010011110101110110110011
0110011101010011001011011110111110001011000111010000110101000110 1011111111100101111011111010110100011100001011000000101011000011
1000000100111110110011011001101100001001110110000000010000010001 0111111101100001011010000101101000010110011110010010001010010000
0000001110011110010000110101111001101110101111101101100011001000 0000110110010000111111010100100111111100000101010110100101101010
1101000001001001100110000100111111010001000101000001100100111000 1111101011011110010000000101101110111010100001110011110011110001
0101011010100110010111001111110010100100100001111011000011011001 1001000100110110011010001111110010011010101100101100110001001110
1001100011111100011000000101001011000001010001110000101011011000 0110000100101100100111011011010110010100011101011101001110111011
0111010010110000011110101111011010001010111010011011011001000001 1111101100001011001100110001101100101001101010110011010111001100
1111100011101001101001110001101010011001111111101111000010001011 1011101000110101001111001000011101111001010010101110110001001010
1010011100011110100000111011001100001011111101100100011111110000 1000111011011100100011111010001101010001001111110110110001000101
0111001110011111111000111110000000001110101101011010100110101110 1001110010101101111110010111000100010100101111110111010011011001
1100111110111010010100100001000010100000000111100011100111010110 0000111001011000110000000111111101011000011000101000000010000010
1010000011000001010100111100101000000110100111111111001111100001 1010000100111011011110101001001101001100100010001011100111000001
0010000101101010010111001011110011011001011111011100011110110100 1111100101000100011011110111001000110111111001010101010111101100
1010011001010001111110011011011101100010000011010010000101110100 0010101110001110000000111100110110001000001000111011101010001111
0111101100101011010100001000000100101001001101000101101101001101 0010011000111001010010000011011101101011110110010001100001111010
1101001000110011110100111111011101111100111001100101010110110110 0111011110100110110110011111000100000001110100100011110011000011
0010111101101110000000001110011100100000001101010010110001110001 0010111101011110101001001110000010110111100000011111101010100000
0100011011111000110101000001000111111010101101011001100101111000 0001111010011011011010110000001010010100000101100001010110111010
0001101101100011100001100110010111111010011011100011000111101101 0000000000001001110011011100011000110100101111100111101000000000
1111000010111010001101100101001001010001001100001000000000001111 1101010000110111111011010000001110011011010011111000001000110100
1100101000100000110100010110010100111101000001010101001010011000 1100000101000110011111101111111000011001010000101000110000110010
1111101010000011010100110111010011011110011001000010110111101000 1100101011001011101011110111001010110001001100010110110101101000
0000011100010110000110000001000000110100010110011000110010100001 0011101110101101011101110010011011010010011101001000001110010110
1000001001101001010010000010011111011011101011111101110111110011 0010101101001100001001011101011100101011000011100001010010011000
0101100011010111100111011000001100010011101100011010111110111001 0001100010001011000010001100010101111000011011111001101111001010
0110001010001101111100001011001000001100010111100000111111101111 1110100101111001010111001110100001100001010001010111111101010110
1011111011101010101010111101010001101111101011100101011000110100 0111110000001101001101000101011110111110001100101010001010100100
1011010011101111001000001010101011111000011010011110101001100010 0000000011100111101100001010011110001000000000000010001101111111
1111100101100010001111111101110110011010010001011110111111100000 1011000110011111001111010010111011111011011110001010010011011111
1101110101110010111000111111001011101110001001010100000001101110 0011111100001101101110001000001001110110101110100000101111010001
1001110011001101011010011001111011000011110000011110110001001001 1010111101011111110111010110100101000111010000001110001100010000
0000001010000111001111110010101101101010100110101100011010111001 1101101011100010110000001010101101000100110100110001111110111011
0010110110001111000100011100001000101000110110110001100111001100 1101001101100101000101100000010011000011011100000000011101011100
1111001110110010100110110000011110100101100001011000000110001111 0101101100000001001001111001001111100001100111111110001110011101
0101010000010100000100001000001011111010111100011110001110100111 1101111000011100001011110101110000110011011111110011001000100111
1001010011101110110000101100101110000110101100001101100010100111 0011011000101010010100000001111011000010101101101101011010001100
1100111000010000010000000010101001100010001101000001001110101000 1001000010110100100110001110111110100111000010001101101011000001
0111100001001111000010011000000111000110011001001111001001101001 0010011001001100111010111001110111101100011000100000111111000010
0111111011110010100000010110000011001110100101110100110000110001 1001100101010100110000000100111011111100100101001110000010010010
0100001110001011010110100011111111001110011010010111000010011101 1100011011111110011010011100110100010000100000111000101101100101
1110001010110110000111101101000100011110001111001011001011010110 0110001110000110010100100101111110011010011110111000111011111111
1110111010011100100000001011111011101111100101101110110010100011 1000001110111010100010010100000101011111101000110111000010111010
1101110110101110110111000110100011000100011010101111010100100011 0011101010000100111100010011100001001010011101110100011001010010
1010010101100011011111101110011101011000011011000111001010000100 0001100111110101001001110000111100000110011110100100111111001001
1110111010011101111111000100111010101010111001101000110111010001 1001101110100110000011101011100101001101001100000101111100100100
1101111001110111111101110011001111011000110111011000000100100100 0010001000110000111011101101100110000001101110011010110101111100
0100000101011011000010100001010011101010001110010011000001011101 0101111010111101110001001100110001110011010111011000000000111101
0100000111100110100100010000000111000001000001101000111011110101 1011111001110101101000011110100001010001000101111110001000010001
0001111010010010101010100100010100010000000001000100000011100000 1101101101011110111001000000111010101001010001000010010001001000
1001100010010110111011111001001100110001101100011110101000000010 0100001010001000110000001000111101100100101010101100000010111110
0111010000001100101010010111011001101011100011000110100011100011 0101100100011101010011010001000000110100011011111000010000000101
1010111110100010100101000110111111010000100011001010001000010111 0001101101110010111001010111110000100110000101000110101001101100
0101001110001001000011010000101111101111100000010011100001010111 0110011011010010100110011100110011100001111001011111110100011100
0100101101101100100110110110011101000010100011011111101101000001 1010110000101010011000100110000110111111101011010110000010011111
0001010001010000011101001010111001010101010101111001000111111000 0000001000011101100101111010111010101111010111011101010001011101
0011010001111101000000101010101000000100111110010101001111111000 0000010000001111000100100100110010111011010111001001011001101011
0001011111100010000010000011010000001011100000001000101100100011 1101000001010100000100010010000100000000011111011010000101101011
1000000100000111011101100110100011111010100010111000010001110011 1011011000110110011101001100111101111111000011100111111011010010
1110000100001111111011000110001100100011111100011010100101000011 1010100100011100000111100010010010001011111111100110000100110111
1100111110001110001010110011111010111100110100111110001100111001 1111101100101011110100101000101111111001110001101000001100100110
0111100101001110000010001000110011101100101001101001011000001111 1100000100001011001101001011010100000011010000110000100001011110
1100010010101000101011101111001000001001000010011101001010111101 0011010010110010101110110001110010000000011010100100001010110010
1100110100111001001101010011100101000100000100110110000111100101 1011101011100100000001101101100101001011010100000110101001001101
0000001001101000111100011001110000010011100011100111100000111001 0001111000110110010000011110011110111100000110000110110101010100
0101100011110011010011101011101100001111011110010100111100100011 0000000101100110101101010101100100100101000011010011011111000001
1011100100111110010001010000100100101111111010011101110001001101 0010000110010101110100000011001101110010000011011100111101101101
1000111110001000101010110111110100111000000111011010001110011101 1110011101011111111111111110111100111011001101010001010111111010
0100100000010110001000011001100110101000001000011001110101000101 1110011101100100110010001100110101110111100001110010100011110011
1110010001001011100101100010001111000011001001101011011000100000 1010110000010010101111110110011000110110000011011110001001100000
0110011001101010001000110101011010010110010001100110111101110000 1010000011111011111101010110111000111100000001001011101001100001
1001001111010011011101000101001000010001010111100001010011101111 0010111111100110100000101010010110110111110110110001010111001000
1000011010110000010001000101100001110001011110101000001000111001 1101010101111110011010000101110011000111110011100010101011100101
1001011000101010010110010001101001000011000011100100010011000000 1110111000111101110100001100111011000010001110110100011001100111
0000111100000111011111010001011000011100000011000001100110100110 1101110010000100010010101110001100001110101111001110011010001111
1101110011000011011111101010000100110110110101100011100100110100 0100011111100011100000110011111111011101010010000010011001100101
1100110100100000110000101111000010001111010101010110011001100111 0100100001010100000100000001011011010111101100111001111010111010
0011100101100001001110101001001000111111101011000100011011011010 1011001000000100101111110001000010110101100001101101011001111011
0110100001110000110100010110001000001010010011111111011100000001 0100011101101111111110110011010001001110001110010011100000100111
1111100101111110010100110111110111011001001110000000100011010101 1010000001010011011001101111011100001110110011101100010110000010
1001101111001110110100100110010100110011101001101011000101111010 1011011101000000001000010111111000011100010001111010001001001100
0000001110000001001011101001000100000000100101000000001010001101 1111100010100000000101100000010110100101101100011000010010101011
0000010111111000101101101011110010011101010011011011100100110101 0001001001000110001011000111001100100000000001100111101011011010
1110011010110001010001111010010111100001001010100101111100100110 0101111101001100010111100000001110000001011110100100110111101111
1010100110001001000010001101011011011100111111011101110110011101 0100011111001111010011001010000010110010001110111010100101010111
1110110111011000100111001010111101011101001111010011011001000000 0110100000010010110000111011000100110011110010011100110011101111
1011010000111000010011101001110111100000011000100001000001000001 0111110001000001001100111000100011011101001110100111011011100101
0010111000101101010010011011011001000111001001111110011011111110 0010011000111100100100101001100010110011001011101000010010000110
0111101001111000101001010000111010100101101010011100101010001010 1001111111000100110110110001001110110111010001011100011111011110
0101010111011011011100001001011011100100101011101001010100001100 0101010110110011111011011011100110011101110001100110101110010110
1100111010110100010001011110110110110110110101100110000001010011 1101000111000111111111101111100101001101100101110011100111000100
1011001001010001001101000111111111011001101100100011101001000010 0100100010101101110111111001111011111010001001100110111001111110
0010001010110100110111100101101100011101110101111011001010011101 0001001111001010011110101110010111010011001110100100110100011001
0000011111110100000111011100000000110100000001011101010111110110 0010011010100011110101111111000010000001011100011000100011101000
1110100111100011101010011110001010000111011100000010011111100000 0011100111000111100001010111000111110001011010011111101101101100
1011011110111111101000110011010101111010010101101110111000001110 0101010110101100001111000100110100010011100100100010010001110010
0111001110011101010010001101000111101100001110111101010101100110 0100010001000001111111000110110111001000110110101111110001000100
0000110010100010100110000011000100110000001111100110001100101100 0000111110101011100010010011010100000110101110010011111110001001
1110100010011101000010111000001000101111010011111110001010101100 0000001000100100001010011000110111000010110000100001100000100000
1000010100110010011101010100100010001111000000001111111011110101 1110100001101010111101110101100000010100001011011010101110111111
1110001110010111011001001101001110111110101101010011010111101001 1110111010000000010000001111000111110010100011111110111101100000
0010000010110001001110001000000111000000100100010000111110111101 0110101110010100100101101110011100011110101011011010110101010111
0110010010000010011001000010000000110001010100011110011101011001 0000101101011110001000111001001100000000100011000011100000000000
0100001101001101100011001001000001011011000110101010001000100110 0001001010001011110010100100011010001010011100101110110001110010
0000110110000111010000010100110010010011011110110101101110111000 1001110010000110010001100000111100001101000110111010000110111011
1101110010100100101011100001000111100101100100000000010110110100 0001001001110111011101000001111100000100101100011010001011011010
1010110010000001001101001111100010101101000000001101011100010110 0001111001011101001111111010111011000110001110000110110000101001
1010001011000011101100101101010010100010111011101011010011110100 1000111011100110001110100101100110011000000001011110011010010000
1100110101100011001000000010000000000001110001111100100001010101 1100110000001111001100011111100000001110010000001100111011110100
0000011000111010010111011110111100110000000011110011100011110101 0001101010000101100010010010010010110101001011110000001001101111
0101111000110000110111011010110100010010001110111110011110110101 0011001101010000001010111101111110110011010110100011001110001110
0111111000011001000000100100111110101010101000110111000100101100 1001101001111011010011100101100000100101011011110111010111000110
1111011111101010111011101000000000000111000110010001011101110111 1001010101011101111000011001110010100001010001011000101000110100
0101010010111001010000110011111110100100011011111010010001010110 1001011100110110001101101010100001000011010000000001101101101011
0101100110000011100010100011111100001100111101011001001110110000 1101010011011111100101000101101101110100100101110000000111011101
1010110110000111001011000011011111011110010111001000001101111000 0011111110101111000111010100010011011111001101101010111011100111
1110101101110000011111011110011001101101000110011010100110001100 0101010000000110111101110001111011011110000100001110100101100011
1111011000010110111010101101101010111001100101011101100000100110 0100101000111010010001001000001011110110000011011000011001001010
0101100101100011101011010000111001101011001001110101011000100111 1101100001000101111001001011011011011110000100111111000010001110
0110110111110000001101011001110011101101100010000111101011001001 1101010111011101011101111001111100000011010111001100010010011101
1010100100101101100000101010010100001111100101110001100010000001 0011111100010101001111100001111110000000010111111000011010000010
1001111010101001010010100110101111100110011101011000100110111001 1100001110001101101011101100100111010110000101001010110010011100
0110010101010101000001110101110100100000010011111001100010001110 1000001000110010100011100010111000011101000000011100010111100110
0100001111111110101101111100001010100010111100111001010010101100 0110100100101010110001011101111111101001010011000111111100100000
0000011110000111110010100111000100001111001100100100010001011100 1100011111011111101110110011011111000111000110110110010001000111
0101001101010001100101110011111100111100101010011011110100010100 1100011000010101011111010010101010000110000111000101001101111010
0101000111110110101101110000010111110101010000011010011000101110 1100010111110110100001101010000100101110110011101011001011000111
0110100011110100100011011101100110101010000011101110100000011010 1100011111011111100100111011110011101111000001111000000000101110
0101100001111111101011000111011101000110011111101001111001110010 1110011000101110010100101100000000011010110010000011110111110011
1111010001100011000111110100110000110001111010101110000001110001 1011001111101111111100111011011011111100001011110111001011110100
1000011110111100110100100000011101000100011010001010010100010011 0111001010101101010101101010001001010000000011000110100100000011
0001111000101010010010110001101010011101010101010110011000111111 0100100101110101111011100111100110110010000111101110101011001100
1101111110110110111000001111000000011000000000101011101100101001 0100001010110101011110110010011100010100010011011100011110100011
1101010001110000001010010101111110010011001101111011110000101111 0010100010010101110111110000010100000011101010101111011001010100
1010001010001011101101000110010010000000111001101111011110000101 1000001010100000100101101011001101001110111001010000011111101010
0100111101000110111110011111111100101111101000100001000010101111 1010100000011110111011010010100101011111000110100010001110111001
0101000011010111000100011111000100000100001110010110100111101100 0000001110111010000101101011011100100111101010111000010000101001
0010100001100010101100010001011000010111000011100101010000110000 1110000010101101100000000000111100001110011110101011100010000111
1011110110001111010010100101000010010111011010011001110100101100 0011100110101010111100101100110011100101011111100100011110010001
0110010111011100001101100000110011001010010000001110100000110011 1010000011000101110101011111011110110101000010001000111001010101
0000010000110110001111100110100100001100000101010001010010001111 0111010011110111111001001000010101100010111011010000010101011001
1010011000010010100011010010110001101111110101110100110100011011 1100111100010100100010010010010111000110110111110110110100101000
0110100000010111100011010000101101110101101111000000101011001001 1011001101001001000010010111000011001010101100111011000111011010
1111010011011011000011100000101100011111101110100011000000100001 0011001101001110000001111101101001111101110000001110001000011111
1011010000000111011111110100100110011000111100011001001000011010 1110001011100001011000111001101111110011000100101100100111111100
0000100111101001001001001100110011001011101011110011111100110100 0000101000100111110111101011110101000001000000100001000001100111
0001001000100101000111101100011110010111100100001001111010010100 0110100001011101111011010100001110111000111010101010000011111110
0001011111011110000101010111000101101001111110011101101111010001 1100111011101100011001101001010101000100111100011001100000010101
1001101011110011010101101111101010110111001110101011010010001001 1011000100110011101001111111111010100000001010010101110000111100
1100111100101011100011010001110110110110001100011111010000100011 1100001101101011101001110111011010100000110010101101110110100111
0101100010100101000001100010101101100100011000111111100010011101 1001110100010101000001110010000010111111100000010100101000000010
0100111110111000101110000110100111110001110110111100100011001101 1011011111110001001000011100001010110010011100110000010100100001
1111010011000011001101101110000110011011001010111001101101110011 1011001100101011100100111001011010010101101000111110001001011111
0101110111110001001100000011010101011000110110011001000011001101 0000001111001110111111000010010110111010101001010010011110100001
0100110100001010000001101110111000111000011011111000101011100111 1101111010110101100000000110101000000100100011101111110000110101
1111010110000000101010101011111111000100110111110010101001110110 0000010000011000011010111000110001111010001110000000010000110111
0000110010010101100011011111001111110111111011111100000101101110 1000101101000001011011001100110101000000110010110111010001110110
1001001101010101000001111101110010011010000111110011111100010101 0011011111000000111111111000101010001011101111100011011000101110
1000100000100001011010101000101010110100000001010101001101000010 0011001011100000001101111111101111010000101011110010010111111111
0001011100010001000000110010101110110011001000000010010110110001 1100111011001101110100010101011101111011001101100011111001010010
0010001110001100101111011011011011110110011111101011101101000010 0110100100010101001000000010001000111010100001011101111000011101
0001001111110010000101110100011001101011011000011101011001001111 0101111111100011100110011000010101011001000001010010011001010011
0110110110100000101011110000110111111110000011110010101111111011 1101111110101001101010011011100101001001111010101000000010011110
0111001010001110000011100101100100000111011110100110111000111110 1100011001111100111111111001110010111001010101101111111111000010
1101011110010111110100001111000011010111100110001000011101100000 1000000100011100111110000101000000111001100001100010000000001110
1000010001000010111101001010000001001001101001100001100011100000 1010111101101111000010110101110110111001001001101011101101001111
1100100001110001111110001111110001110001011010111001100001110001 0110000011000110010011101111011101100010011010010101001001100100
1101000101011111001011010001000000001011010011011100111001111111 1111100011111101011101011011100011110111001100001100101101101000
1000000111010111100010101111110110101000101010011000100000010100 1110110111101111110110110100010100111001100101100111000111111100
1100000100011101110000001101011001101100101100011011110000110100 1000110000010000010010000111111010000100011101010101110100101010
0000100100100011101111101011000101100001011111001110000000111101 1111101111110000000010010001010000001010011000100100110000100011
1110001000110100101100110110101110011000001101110101001111111111 1110110111011111000100010111010000011010111101011011000010100010
1010111110100000011000101000101110000101010101110101000010011100 0010001111101110100011000110001100000000001011001001110110100001
0110110010110000001000000000010001101100110011111001001001010011 1110001100111000011100110101100100000111000111110100101001110111
0111010100111010000100000111010011010011001011010011001101111101 1110100100111111100101101111100101000100000101001010011101101001
0011001010010110100110101000111010101100100111100001110001000010 0110011011111001100111001010100010001001111001110001000010001010
1110000001100101011111011000110111010100101101000001001110000110 1011001011101111010110100111001110110110011111010110010010011001
1001101111010010111101000100011001011000101110110001011001001100 0110001111000100111000110111110010110000110101011111101000010010
1111010100101110111001101110101110110011011101100111010100101110 0010110101000101101011101110101011101000100000101001110011011000
1111010111011001011010111111001101110110011011001010111110100110 1110010111001010010111101100010010110110100111010101111010000000
1001111101100010011010010100001111101010110011001001011001010011 1100110001011110001011001010100001101110100000111011100010111110
1101001100000110001101011100100100110100010101000110000010011100 0000011111000110111101100110001100111101100100001110001000011001
1110100101001010010101011001111111011010010001000011010100001110 0000010101011101111100110001110000001010101100010010011101110000
0111100000110100000110010101110000001001010000000010111111011110 0100110101101110100111111100000110111010100101110100100010111000
0000100011011100011001110010111110110111000000010110011010011101 0110010101010011000101010110001000000101111001011011100000101011
1100101101000000011100100110100101111101101110000110011001001010 1101001011010010111111011011101100000011100000000100111001110010
1001111110001101100010101011110010110000110010000010100111111100 1101000000011000100010001111111101101111100110010110011100010010
0101010011010100010100010011011101010010110101010010001100101101 1111101010100111000001011101010010100110101101001010010110111000
1010011001100101000101011011111001101000010010000011110111010110 1110100110010101001101100100001010111110111000001100100101111000
0110101010001001111111001100101010100110110000011101111100100101 0001100001011110011100100110010101001001100101010001111110000000
0100100000000110101000001111000100110100011101000011011010001100 0110110101011011101011111101011010111100111000001001111111010011
1011000100011111000101111111110011010110100010011011111011001100 1001000100100010001100011101000111010100101101111010111100010011
1011001001101110111101100110010111000001100010001000101010101001 0100011000011011100110000111111010110011001000100010000111100100
1010101100111011101010011000110001010010110100000111010100100011 1101010110001011101010101010101011010011111100111111010000101001
1000001001010101010111001100010111001111001110100011111001000000 0010111011110101001110111001010100000011001111101101101000100100
0001111100001101111000111101001100011101110010110000110110011010 1111011011001001110000110000101011110001011101010001000110010100
1010000001000001111110011100001110111111010110111100001001001010 0000101001101111001100011100001111101000000101101011000001110110
1100101100011010011001001111000111011000001101011101011100010000 1100101000100010100100000011111101000001011011001010110001110000
0100011000100001000000010100011001011011001011100000100111010100 0111111110101000110100011010000001000000011011000110001010000101
0100000101111110101110100110100000110101001011000110111001000001 1010100111011110010100011001100011001001010100001001001110101101
1011011000100100101011001101001100100001101111100010000111101010 0011011110110111100111110001101010011011100101110111101110000010
0010010001000001110010100010111010111011011001110111111000011010 0010010001111011001000100110001110100100111101110010110010100100
0011011000010011110100111011010111110111100000011110001101100011 0111000100001100101111110010010000001101101111100101101011001100
0110110001101100000010110011010001000000000111010011101101101010 0001110101110101110001010011101101010011111001111100110101010011
0000110000100001010100011001010000001111111101000110100100111001 0111011011110000000011001100010100011001000010011010011101111110
0100000101000110010100000111000010000110101010100000111111111110 0001101111101000000111001100011001101111011011000001000000110101
0001110101000111000001111101010011000011111101011101011011100001 0101011001111110101001101110001001101011110101110100000111101111
1000111001001011111111100000011111110011001111100101111001110101 0000000000001100011011000101100001100011110101000101010000001010
0001011101101010011010001110000100010110001111010111100001111011 0001110100011101101111011000100111111101101111001001000010010111
1110010101010101000101100111110011110010101001100100111010100011 0110101110100100000011000001111010011011110001100011100000000011
0101010010101100010010001101110101101100001101000111001110001101 0001101001011110111110101000001111011110000101000001000000011111
0101101111100111000000100111111011111011011111100010010101111011 0001001011001011110011100000110110110111101101000100110010101111
0011111000111110011010111101110001011011000110101011110011111101 1001011010011000011100101000100010000111001000101100000000001010
1101100000100000100001001111000110100000111011010110001101100010 1011110011100101010000101000101101001011100010011101110111000110
0101111000111011001111010000101101111010011010111110101000010111 1010010011100111101010111010111110011101111111100010110000101100
0011100100011101101000000100100111001001010111011001010100101100 0100110011101111100011110110011101110010000101011000100101101101
1110111111000000110011010111101001111100101010010111101111100111 0100110000000001111000101111100101100001010000101100101100001011
1000100110100110100110001100000000111001111000010011110100011001 0001001000011100001110010000000101101100001000100100111011011000
0110101011110110111100000100010010010100001010110001111110011010 0111000001000110000110110111101001001100000011101101001000000011
0100110000111010000110001000100011101000011011110111000010010100 1111101011111000010100110100100000000111010110101000011011101001
0001010111101111001100111001101110110001110101011110000100100011 0101110111101001110000001000001101100111010101101000010101011010
1001111111011100010111001111001001110101100100001100011111000100 0100110010010101101110110100011101001101111010111101011011101001
0000010110000010011010111000000011110001000111101011101011000100 1100100100000101100010010000010011001001110111011001010100101011
0000001001010100110001011001110100100101100110000001111011100000 0110101100000001110111100010011101100001010010101111100001101111
1110110101100011100111101111010110000010111111101010010001010010 1010010111100111000000100000111010010010001100011111011101010010
0111100010111101000101010001000101001011011011100111110100000011 0111001011010111111000011010110011111000100011100111001101010000
1010001001110110100110101110011000000110110011111110000000110111 1010110101111101111001100000111011000110111011001101110101011100
1111000000101100101001011100111110001110000000100010010100011011 0101100001111011110010000010101110111101001001000111011100001111
1000111111011011101010000101011000101100100111110001110000001011 1100100111111001110011000010011010011100101101100100110110010110
0011100111000110110110011011001101101000110101000100001101101111 0100010101010000100001101001101111010101110110101000111011000101
1100010100100001000110100100100011011010101101001010001010010101 0001011000001110011101110000111110011001111011101011011000010111
1111111111001011010000100111001111001100010101001011011111001111 1101100111010011111100011010000001101000111001000100111001100001
0100000101010110010010110111010111110000001010001111111011001110 1001101101010100010000010011111100111111110101110101001101100001
0001001011101000001111011111011000101100111100111010010111010100 1111001011111101001001111110101111001101011100000000010101010111
1110001110100000110100011111011000001001100011000011111001011111 1111010100101110100111001110111011110111000100100101100111101111
0001101100110111001001100111001011011110111111011010000110001010 1111001010010010010000001010011100011101000111001000111000011010
0101101101110110111101000010011011100101100011001011101111001110 1110000001011101110101110000010111000101111100110000100100000011
0101111111111110010000011010100101001011100000001001111110100100 1011001010010110001010100001011000000110111111011011000101111111
1011111100010001111000111110011011010000110001010111111101110101 0100010001101000000000011101001001111001111110111100100101011001
1001110010101101101100001100111110000001000000111010000010100111 0001001100001000001110111110100011000001011010000111100001101101
0000100111101000101100011110110111101100011110010000111000101000 0011101111111100101011101011000110001011001101011110010010110000
1001001000010100110000111111000010000111100000101010000000000000 1101100100001111010011000001100101001100011101000010101100010101
1010000100111101011011111110101010111100001001100001000011111000 0101010101110010000010101101100101001111100111011000101101001111
1001100110110000010110101110010000010100001100001010111111100001 1100010010010101111000010010110100010000010001110101100101010011
1110100001010011111010010110110111110110011110111011101000010011 1101011100110010101010000001001101100010111111010111100110001100
0000111011110001010100101001000010000110011010101001110110101100 1001111000001010111001111111010010100101001011001110000011110111
1010010110010000101011110001001100101010010101101001100010011101 1001110110000101000110010100100010000011100110110111011100100111
0001111111001010011001100000110001101100011011001011101001110110 0111111111000101101110011001111101010100110010011010010100101010
1110010110011101101001110010110001101000001100011001100100011000 1101111011111111100000111000011000011101100110110010001111100011
1001001000100110010110001100001000100011110011101001010010110110 1010110110111000001101110100101101001001010110001001110110111110
0110000010011110111101101110110110110101001101110001000111010001 1010110001010110001111011010000010010001011101110111111110001010
1110011101110001110100100010011111110010011001101001011111110111 1111111101000101110111010100101010111110001001010011010001100011
0001010101000111111000001100111101111010011010011110011010101101 0111101101100110101110111100001110010110100010010111010010111110
1011010100100000000010110000100100011101100000100110000011010111 0000010000100011110001100111001000111111100110110100010100000010
0010100000001111111111100111010100000000100100111100010111111111 1000101101011001101011110010111101100001011011000110010001101011
0111110001010101111000001011010111010101111001100100110000101111 0111100011111111111001000001100011001001110011111101101111011110
0111001110010110011101010101001110011011010001011010001000000010 0111010101011011101001000100111100110111000101101011111010110000
0100111010010110111000110101111101110111111101110101111110101111 0001011010011000011001110010010110101100000100010000100000010111
1011000000101100110010011011111000000000001000100001010011111011 0111000001000001011001000100000101011110000010011100001101100001
1000000101011001110100010000001000010100100001000101011100100110 1001101000011010000100111001001111010010101110100110100100011000
0111000011010010001111011010100011010010010111000101100010011011 0010100111100100010000100001111011111100100010001101110111100011
1001110110100001100001101101000011010111110001011000000111001110 1001110111001100000101000100011011011111000010010110111100101110
0101100011110001011111010100000010011111111110001101110110111011 1111110011111110111001101000000100011010110110111010001101110101
0100000111011101000001000000001100110100010010101110010000110010 1101010000001010010000100011000001110011010101100010010001100000
0110100011010100010001111011010001110011110110111110101010110111 0001011110000011000000110010001001011111011101011010000010011101
1101100100101011110010000001001111011001000111100110100110100101 1010101111111000110101010011001011001000101110011100100100010001
1001011111001110101101010110100001111001101110000111010101011111 1010011100110110000001011100101000110011000001010111100110001100
0110010100111011010111011100011010100001000101110100000001110101 1101110011010000010011011000001000011100110010011000100111101000
1001101000111001100101010111111101100010001100101111000000010110 1010001101111001001101001100010111111001100101011101001011110111
1111000110100011001110101001111110101001011101011101110111001000 1100100010010011100101111111111100001001111101100110010101011100
1111100011110110001000100000100100001001001000111110000101001101 0111001010010010110100110010011000111011101110101101010010111101
1111010100100101011000101100100110110011100010101011000111100011 1100010100100100011011111000011110010111011010101100100100011101
0010101011110010001000100111001010100001010111111100111111011100 0001010001010101100100001111010001000001111001101100000010010111
1111100000110101110100000000010000101110110101100011000111010000 1110111111101101100110101011010011110100000100001101101001011010
1010100110011011110010011011000101010011000011100011101000011101 0100011101111011111001000000111100110000110001000001101000011110
1110111011110001001011011111000101010100000000010101100010001111 0001011001010000110101010000011100100100010000001101101100011110
0110101011010111110010111001101111100100100100101001111111110001 1101010011011100000111101011111000101101000101101100001111000001
1001100001010000101110110000000010110101011110111100001001101011 1011111011100101111110110111111110100100010000100101000110101110
0110101111110111101001110001100111100000000010101100011001010000 1000101010001100000011100011011100010000101001011111100001101001
0110011101110001110000101100100001000100111001011111010100010110 1000010001001100010011111110010101111100110000101000101011000100
1000000010101000101010000011011010010111110000011100111110111010 1101000111100000010010111110100011100001011111111110000111001010
0101100011100010001010010111000001110111010111001010001011101110 1001101000110111110101010011001000010001101100111110010010100011
1011011011110010011111111110011011001010010001010001101111000010 1010101111111000111010010101001011001000111001111011000101111101
0111111000001010011101000110101011010100010110101100100110101000 1110111111100111010010010000001110100100110100011000011010001110
1010001111010110111100010010100000100111101000001111011100001001 0000110000011000001100000000010110011011011000011100100001000101
1111100000001111101100010001000010011111111110000000111010110110 1101110011010100000000101000110011001001001000111010111010100101
0100010100111111001110001101100000101101010000010111111001011001 0100101100101010011001010011110110100010001011110111001101000001
0010100010100011101011111101111111100000110011001010100110000001 1011011010111101010010011111100010100101101110110101001101110101
0111000101011100001011100011100001111111000011011001000100001111 0011010010000010001000011001001001110001101001110010110110000010
1011000000011010010111010000010101100001101001101101100011010110 1001100011001011010100000011110100010010010001101110001011101100
0011010000011000011111101000010100010101010000001101111111010101 0111000110001111011101000110111111110001101111001110101110011111
1010001100110011000011001010010011111011000001101110110111010101 1011011001011101000011001001010000001011101111011011111101010011
1001101100000011111110011010010111100101011001010111001101110010 1101000010101100111111100100011000100011111010010001010101111111
1111000101111111101011101100011111110011011110001100010111100111 1110001110101001100001011100000010100100111001000111010000011110
0110001010011100000100010100011100000000100011001000000010001110 1111101001000110000011100000110011011010001010100100000101101001
0110101001011110110001001101010011010001010010000010011010100100 0001001111011111110011010101001010111011001001001100101110011011
0100001000111010010010001110011000111110001100000001111011111110 1111000010111001000001000000111111011000000110010011111010110110
1111111110010001001000000010110000000001111001111111101000011011 1111111001101001101101101000011000001100001011001001110001001100
1000110100101110110011101000001110111100111100000100110100110110 0110011000000101101011010010010000101000110000101001001101011001
1010011000011101110101111100101000111101101000000011101001111100 0111001000011010111110111010010110111101100110010110000000110101
1001111010101011111000001011110011010010001011100000010101000100 0000000010100000011110000001101111100001100010101010111100111111
1101010110101110000100111110010001000110010100001011001000110100 1111011101111010011110001000101110010100110001011011010011111100
0101010100100011010101110101111111000101011000010100110111010000 1101011000000011010000010101111110100110001000011011101111001000
1000100101001010100100111000100111011110100001111010100100011010 1110110111010101100110010000100010011111110010100110010001010111
1011101111010000100111000000010011111100111110011000101001010111 0101010100001111011100000110100110001101010001001011010010111101
0100011111110111110110110011111010101011001101111101011000001000 1011111011010000101010011001100110100010100110111100110001110010
1011100110010101010100111110100100010001000000110000000000010110 1001111010100011001110011000110001111111001111001100100110000010
1110110010111010110101100110100011000101001011000000111111100111 0110011100010000110010101001011011001011011110101111011010110111
1101110010000101001110110100100000101110100011010111100001111010 1001100010011101111111000001001011101000100011010010001111100100
0100001011000001001100101010111101010101110000110110011110010000 1010000100111111010011100001001100100111011011001001100100001010
1001010100011010000101001101100111010110100001010000011000010000 1001000000100011001001101000010101000000100100001000001001001110
1001010010110011011000100010011000011001011010100000110111001100 0001001100111110101000011101000000110001110011011100101110100110
0110100101110110111001111110101110110110011000100001011001011100 0111110110010011011000000010100101001110101011010110110101011100
1110110111011000001111001111001001010000111011011110100100100011 0000000110001100111001000011110010010011100011101101010100101011
1110101000110010111100011101110000110111000000000110111000110101 1111010000011111100101110101111110010111110001001000010011110101
0001111000100011101110111101101000101010011110010000000101010000 0100100000100111011110110001001100000010001000000010000100101001
0001101001111010100111000111111110101001111101001000110010111101 0011110000111110110110010000100010111101000101111111101010110011
0111101010100000100100110000101101101110111000011111110001110000 0110101101010011000101001101101001010001000111010001011000001010
0011010110100101111001101001101000100010011011001110111010100010 1011000101010101000111110101110011001100000110011111001011011111
0000011111100011111011100101110000110100011110010100100111010100 0001110001110000011011011100000110100011110010001011001011110110
0101111101011011000011001110000001000100011010101101001100010110 0110001111000011111011110010010010101100000001100100011000110101
0111111111110000011011110110100001010111100110000110011010010000 0110010001101100100100100101000101110110111000011011000000100100
1110100000000001100001101101001110010011000111011001001100011101 0101111100001001101000101010011111101000101100000000010000111111
1111001010010001000100111010111110000011100011001001000111100001 0000111110101000011011111101111101100001000100010010100010110000
1011101110011110111001110110110011101001111111101000011110011011 0101101001010101001010111100110000010011100011111101000010000100
1110111110000101101000000000011000011011000111001101000010100010 0111011001011000111101101000100111000100010010111110010011111101
1111100100100101111010001100111111010011110000001110110010011101 0011111001011011101100001011001111001111100100010001101100000101
0100010000101001100010000011000111001100100101100111110110100101 0000001000011101011001011111000011111110001101111101011110101001
1100010110110000010011000001111011001000001011010100000101101101 0000111010101111111010100010001111010010111110100111111110000010
1100011110101000100110101011010011110100111101001001000001001010 1111101000100001010011011111010101110010101001011010110000011110
0001101111011000101011011100010111110010000111010101011101111110 1000100101100100001101010110010100000100100111011011011000111011
1100100101100100011000101000100110000111010000110000010000001000 0101000110001000110011100010011100100101000100111101000100011000
0101110101110001010000111011101000100101111101010001100011111001 1100001110010000100100000011010010110010000011000110101011101011
1011100111010000001000000101101011001000010101011011101110001010 0110000001111100000011100101111001001011011111111110011110000111
1010010011100100001100010000011100001100011101111110010011100101 1101010111101100010001100110011000000000000011101101010111111001
1100011011101010001110100111100011001100000000101101101000111011 1010111001011010110000000000011111010101011101000110001010000101
1100011101110101101101010011010111100110101101001101101000110101 1000010101011011010110101010001100010010100110000110010110110001
1110101001001011011111010111111001011010011000010101100111110110 0100100101110100110000000100010000111000100010000011010000001010
1111110101001000010110101001011011101110010011100011000000000101 0001110011110011100100011011111010111110010000111111110101001010
0011110110001010010111101000111001000010011010000010111000101011 1100100000110100011111100000000010011000000010100000101100111100
1110100111001101111100000110100001000100001011001000111011101110 0110001000101111101000000101000100101111011100010010010111001110
1111010110111010011000110011111111110111000111000010101110010111 1101010000111100111010100111001000000011101010011011100111111111
0101111000011011110011111010000011100001100000011101110100100101 1101100100000010011101111011000110111011000100001111110101110100
1101001111000010111110010001011000101100111001101100001101011100 1101101111011101001110111011000100000110111111000111110001100001
1011101111111110111010100001010110111110111110001011011100010001 1011000000000110010111111000000100101111101110011010011111111111
1011001111100100100101010100101110001100000010011101100000101101 1101011001110110000100000001010001011010000011110100111110111111
1101110010101111101101000010001011000101101111101110011010111101 0000100010000100110111000100001000000001101110110111001111110000
0000110010000000100011001110011011111110101000110010001100111000 1101111101101000111101110111110010101111101001000111101001111110
0011000111001110001010001011010101100010110001010010110011010001 1001011100111110101000101111101001010011001011001101110011110001
1101100111000101101010100000010100000110101001100001100011010000 1011111101001110001100001110110010011001011000111101001010011000
0011000001000110100001110101110100001110100101110101000110111111 0000000100111011101010001110101111011001010110111001000111011001
0001110101001100110110011110101100100110010100011111111010010111 0111110001010001000100001111101011010000100100010010011010000111
1010110010001100110101000110011110001111001111111001011101000011 0100100100000100001011011000110101011000000111011100000110100000
0010010110000101110010010010001000100101001000010000101000110101 1000110010001100111101000001100011000110100111101000011011000100
1010011000010100111000111001111001110101111000001011000110101111 0100010000011001000100101011100111001011001110100111110001100101
0010111010011111000111000110001110110100110000011001100000101111 1010011110111100111011100101010111001100011010110101011110001101
0000000100101100000110100110010010010001110001101101110010010010 1101011000011000100000010000010110111001001100101000001000000101
1111011010100001001100110101000101001111100011111010001010100000 0001011101000000011000110100010100010001001011001110011011001110
1110001111110111011001010111000011110011011101001110110101011010 1000001011100000010100110101000100101100110010001000110011110110
0011000101100000000011100100011100001001010010111000110001100100 1101110000101111110011000110101011110111100100001101011111100111
1111110100001111101111100101011000011010100110100111100011010011 0101111110100100111110100001011110101111001100010001111111001011
1001010110001110101001111110111001010001011111100101101000001011 1101000011001011011101011100011100000000101111011001011001100000
0101111111100110101110101000001100100110000001100110101101010110 1111000010100000000110001011111111000010100101111111111111010000
1110010111100111011101101100101011110001110001000010001011100000 0001011101110010001111010011001010010011011010100011011110000101
1111110010100110011001001110100000011101100110110010001000110000 0110100111001100000000000000100010011011110000111110000011011110
0001111100011000011001111010110011011110111001101111010001000010 0110011100001100011111001110001001010011100001010111101010010110
0111101111110100011010011111110100100110001011000010111011100001 1110001110010110101111100011001010110111011010101011111101000101
1110110010010111011011000011010011011101011100110110111000000100 1110100101000011100000110111011100001111010000111010100110000000
1000100010000100010010100011100100000110110101010010100100000001 0001110010001111111100001001100010110011110000110101001010111110
0000001011100001010001010010111010101110000110110010000001111000 1111100001010010101111111001011011101001010001011111110110111100
1111000011111110101000010001001001010111110101100101100010001000 0011111010000010010100111111111001100011010011110011011000101101
0010000000111111101111000111000001100110111110010000010111100000 0011000001000011101010000010010101011110100000101100000101011100
0110101111101000110000000011000000011000111111100110001100000110 0111101100100000001010001100110110001000100110100111001000100001
1111010101110000101101000001001010110011111100000110000110001011 1001000110001111000110000110010011100010001010111001001100010011
0100010101100001000010011010111101100110000010000000100000110101 0010010110101001010101001111000101100001111011100110001010110010
0110010101011100010100000011011001010111111101011101100010110000 0100000100000011110100011001101000101000010101100100111001110000
0000101000100000001111110001010000101010011111111100000111001101 0001010001110011010101111101011111010001001000110001101011011011
0001000001000010100001001001110000100100101101010111001010100110 0000101011111101111010011100000100000100110000110001100001000101
1010110001101010101010000100101001010000011111011000101010001000 1111010110011000111011011010001010100011000000000101110001111010
0011101111001010010010000001001001100110010111110100110111010011 0100011010011111010001010011100001001101000110000100011010101010
0010100010110111011011001110110000111111001110011001010010011001 1000000110010110011001001100100001111110100010101000101000011000
0010100110001011111011011100100000100000101111001011001110011100 0111101101001010100101011111111010111000001001011010110011001101
0010000110011100010000111001001010100000010001000011010100110010 0000110011111111101010001100000001011100100110101010010001000111
0001011101010000100000010000000101101001101110100111101000011110 0001010101101101011001111110010101010011101010101011011000101000
1110101110001001111011011110110010010010011110000101110000000101 0100101011101001011010010110010001001010110100000000001100010110
1010100111010100110011110101100000111000100110110001100000010001 0011100110000111110111011001010101111001001110010101111010101110
1100000001111000110101000001110010111111001101000100011101001110 0101011100010100011101100001000111110110111100011100011110111001
0110111111111000111001111000101100011001111110010101001110010011 1000101010010100011010011101111001100011111110010100000001111001
0011001101101000110000010011111101101011010001001111111010101011 0011100110100100001110110111110011100011100011110000100111110100
0001000001101001000010101110110101111101110110001110011000101101 0110100001010110110111100001011110101001101000111111110010010011
1110001100110011011011111011110010001111001111111011011100000010 0010000110111110111010101001111101100101000011110001101010100010
0111010100100001101000001010100000001100100111001101101011110101 1100101101111000101011001010000101011110001001100101101111011000
0010101011001010001111111010001110101010001110111001111010010111 1011011111110001011100111110001011110100100110111111011001000101
0110010101110010100100000010111100010111011100011001110010000110 1101010001010111011100011101000000100110110110000110111011001010
1000000100111011000000011001110010111111100100000111100011100001 1100101000110100011001101101110101000011100111101001011101011111
0001000100000100000001101000110101100110011110010100110100110010 1100001001001110110001010010101010111110110001110100111110000010
0100000011100111100011010110001000001001101010011010110010100101 1110010111010100011111111111001101011100110100111110101010011011
1001010010111110101100000001110011111001101000110100000111000010 1001100001001011110101100100101011100110100100000101000110101101
1100110110000010001100100011010111001000110010111000011101001111 0011111011010111010101101000000010101000111011010000001100110010
1110000110101001100001100111110101101010100001101000001100111111 0101010001111111110010001011100001101010101001111101010111011011
0011001000101001000010001010110011110110100000101110000001000010 1001101001101111100001000111001101100000101010010010011010010100
1001011001111100011100101010111001000000000001111000101110001111 1010001000001000001100010001110001000110100011101110110010001011
1111101110110101010100001011001111110100110011100101010000010110 1000111110001111100110011100101110110000100001101101000001011010
0010011001101101100001101110000001000011111111011100110001001001 0001101101001001111101101101111010001110001100010000011111110100
1001000011101101110011011000110000001011100000110010010101011011 0010010110001010111001000101100001111011011100110000110011101110
0111101010100011100110000100111001100100100010011010000011101100 1100100010011100011010111000100011011111011010001010110011011001
1110010101100101101001100110101001100100001100010101101101001001 1011111110111011001100110000100100010100010001110100011000010100
1011011110100000011001011100001000110111110001000000110110011000 1010010000101110010100011111011111111010110100111100101100101010
1110011110010011101001000011001011100000100000100101101011101000 0000001011100111011010111000000011100101110000100100010101111010
1101111101001111110000010011100111100100000100010011011110110010 1000101011110110000101001001101101110000001011011000111101001000
0111010000010001000100000010010101111110010000110100011110011110 1010101100000110001100100111110111010000010000011001100010001100
0000111100111100101100010000111010111100110000011110011111011100 1101011001010010000110111111011001001011111001001011110001000111
1100010101101000000111101000100101101000101111001000001011010101 1111100110010110001000110111001011110100100110110101110011000111
1011110011111000000010110000101100111100110000010110011110110001 1011011111001000111100010010000101101110000011010100010100111011
0111011010000110011100100011111000011011010000000101011011101000 0010011001100011011011100110011100110011011100110101110111100111
0101101000101110101001100111001011011000001111101011001111101100 1001111100010001111101110000101110010111101010011110010010011110
1000100110011111111011010101101110010100101111100000001011001111 0110000100001100010010100001111101100011111010011111011010001111
1111000001101100010110100111001010110011101100110011010111100011 0000111110100101001111100010100011001101011100001111111010101010
1001110001000010100101100001101111001000110000001001010000001111 0101110111011010010111011100011011000000100110101101000010100100
1011100110010100101001001001011001110010001010000011011011110010 1000001110011111010011000111111111011100110001111100100111101000
1101111001011010010101110110100101100011110100000100011100111010 1000101001110111111001101001100000111100001111010110101010011100
1011111111000110001100111001010100111010001000110101001111110111 0111001110100001001011011010001101111010110100010001101100110010
0000001000001111000011011011010111010011010111100101110110110101 1011101110001101100111110110001100000101010100010001100000100111
1001000000011011011111000100011110001111111101111001010010000110 1100010111101110111101011110011000100000011010101110111111110001
0100011010000001001000000000110000111111010111100101110101001011 1011101111000011011000101010101011111011000001001011101000110010
0001111000010101100000001000001110111011001001000110110001010110 1010110001111011001001011101001101010001011101011100100000101111
0010010111101001101011101100010100000011111000100000010101010001 1000000001111110001111000011011010110011011001011000111111011011
1001001010111000111101111110111111000011001110111011111011111001 0111000110010000111100011000011101011001000000011011000010001111
0110101010111111011100110111000001101100001111110110000110101100 0110100100100110110010111010110111010101011110000001011000001001
0010111100010010001100011001110001100000001100001011111101000110 1000101000010111010001001010111011100010111100011111000000000110
1010101100111101110000011111101110110010000111110000010100001000 1110100110110111011110111111011010010101110011000000011110111100
0100011001010001010100101011101110111011000110000111001000111000 1011011110011011000100001111010100001100101010111011100011110010
1101010011110100011000101111101010100100011100010110111011110011 0101110101011011011100101010001001110110000010000110000111100000
0110111001011101111101100010100111011000001110001110000111011101 0101110110010100110111100011111110101110010101111010110010101001
0001011101001101010010101001010101100101011000101011110010000110 0100011010011000011001101100001110011111111010110000110111000111
1011101110010100111110010110100110100001011000100101100000111011 1011010111010001000010111001111111001011110010001100101111011011
0010111110101000111001100101101000010011100111110100100110011010 1001010011111010100110100100100111110011001100110010100000111011
0110011100010011100101000110000011001000111101011010100001111100 0000001001010000011101110010011010010100101111000011101101001110
1101001100001111111101101010011001111001110000001001010011010000 0001111100001000010101110101010111011110010001001100101111111100
0011111100001101111010011110101100011010100101101010000010101000 1000110101110111000101011110111100011101101110011100111000111101
1111010101001100101110101100000000000101110110000001100010111111 1001101111000110010000010000111000001100010001010101100100000011
1110000100101011100001101001000001000000100001001001010010100101 1111110011011111001110011001110011110101101010000111011110100000
0100101110010010100010100011010010001111000110110101000111010110 0100111011011010110010011010001111010110101000000001011101010100
0001111101111110010011101011001100111111101100100110001011001101 1000101111010100100000000100011010001101100010100101101100011100
1000101000010000101000000111111010100100001100100010000010001001 0000011111111110001010001001011101100010000101110101010000010101
0101001100110000001101101001111010100000001100110101111111111010 0110111101100101111010110100010110100010000000101101111001000011
0110011000000111110001001001001110011001111101101101011101111010 1101010100010010101100010101011110011110111001010001100111001111
0101000100110111111111001011100110001101001010011101110010011010 0111111000010010000001101011000101011011001100001011001000111101
0001001111010111001001100010000011000010111010000111011011001010 1001000101110000011111000011001111010111001110000101001001000101
0110111101110000101110100101110001100111101011011100001111111000 1101101101101010100001011010010001110010010011110110111111000100
1101010110000011101000011111100101011101011101000010000000001001 0001100001011111001101010101001000010010011000111110100010110110
0001111000010011111000000001101000111101010100000110000111111000 1010110001111111010011010010101010111011111001101100110001110111
0011011010100000010110001001100001111110011101001001000101000010 1001110000010000100000111100101111010100111100100110100101000001
0110000111111100000110111011101010100000000000001110011000110011 0010001000000100011100000110100011101000101010000110110111010110
0010011101011110000011001101001010110001011001110110011001111111 0010001111110111000000111110011111001110011101000101110010100101
1000101000111110100111001110110111110101000010101001100100101100 0001100011101111101100010001011111011110001011100001010000001100
0011011101100001100110001100010101011000111001101100010011001111 1100100111110001001101101101010100101110000110110111111110001000
1100010010011011111000010100010110111011001111101001001110101101 1101000101111110011000001011110000011100101111110110000101111010
0111010100111101101100000010110000010010010111111010001111110101 0010011110001001001101000000011001010110000111110101100010011101
0111111100100001000101000111010101101100010000011001100010010101 0000001000011011000111100011101000001011000101001100111000110110
1101100111000111001000100000001001100111101011010111110110111010 0111011011111010001111010000000010011000011111101000010010011000
1000110010100010010000000010101010010110110101011000100101000001 1101010110111100001010000110101001010010010110110100001001110001
1010110110110100001010101000000011001100010110010100000111110101 1000010000111101011111010001100111100011110110010010100010010010
0100111101101000001100100010100100011101001010101101010010011011 0100101101100111011000010100001101000011101010001111011101011000
0111101100100010110001110000100110011101111100011001000101000110 0111110010001001110111000010001010100001100011001011011111000110
1111000100111010000110000011010110010110111101101100100000110011 1001100110101101001011001110100000010110111001101110011000101101
1111101100010110100011110010011001101101000000010011100100100101 0001001111100110111100110101000000111001101000101101111001100000
0011101100011111010100000001011101011110100101011001011010110001 1010110110101101011111010011100111000011001000011011001000000001
0001101111010110011101010001111111101101101111010111101011101001 1011001101110110001100100101011011111111010101000000001101101001
1111110001100000001110000110110100010011010110111010011011000110 0010100110111010010010010011001110010111001011011010011000111001
1001010111000001010100010010010110001000100010110100001010000010 1011010100010110010000110100010011011100000110011001000011011011
1011001110001111011001011111100110000111000001101111100000010111 1101101001101001011110101111001001011101011011011110100100000010
0101010101011100100110100000100101000111111001010101011000100100 1010001100001100000100010001111110010001001010110001111000110010
0001100111010010101110101111101100001010100110000110001000010011 0001000000100110111110100101100100010100010010010110110000001010
0100001000101110000100111001001110010110011111100000111110100001 1110110001001111001000101011111100111101110001110100101111111010
0111011101010010000000001100110100111100010111110010001100011101 0011100010000001010000111100110000100101111110101110010100101101
1011101011111000100110111000001001101101000111000010000000111101 0000011010110110010110110001010001101101010101100110110000011010
0001011101011010000001001110100101010011111010010011101011111100 1101010111011010001000001111110000010111100101110100100010011111
1011001011000100100001111100100111000001101110000001010010111111 1111110001010011010100101100111110001101101000100101110100010101
1111111001101110110011001101110011000100001100101111000000001011 1100101101000000000010010010010100011100000001010110001010001111
0110000111101110001010011011111010111001111100111110101001010001 1111101100000110001111111111110010001110001011101111100101000100
0011101110111000000100001010000111100110101110000010101100100001 0101110011100110100011010001011110110100000110011010101101100110
0110110001000100010101001011100011010101001001111100110111101100 1011111101010001110110101011000100000111100110110110100000100010
1111101100011111011011101010110010100110010001101100110010001101 0100001011001110010010111000110000111111100001110111010000001010
0001101101001111011100010110000110010101010000011011000111101001 1011010100011010010010111000100101111111111010011111110010101110
1000101001001011110100101011101000000011110011111100000001111011 1001110001110100010001110000010011111011011100111111110001111110
