01100010110101000101000000101000 10111101001001011000110100011010
01110111010001011011111110000001 11001000011100110111010101011011
11100011111000110110011100110001 00111110011110110000001110101001
01000101000001011110111010000101 11100001110010011000010100001001
01101000101010101010000111011101 10111101111010010001000101001011
11110010100101100011011001100001 00101001001111001011111100010000
10111110101001000101010110100111 01000011010101111101101100100100
00100011101101011000001000100000 11011000011111110110011110111010
00000100101011010100001100110001 01111111001000010010111110100011
11110100011101000110011111010011 01110000011100110101001111011111
