1011000011010100110110010011001010000001101000010101000100001110 1011011010101110010111111000010111110111000011000011111000110101
1111111000001001101000100000010011101111101110111000011011111101 0101111111111110110101111110010101001001010110111010010011011011
1001010111101010101101001000010011011010000010111011111000000111 0101111111001000010001001000110110011001001011111111100101100001
1111100100010001011110110100101000100000001010000110111101010101 0100011101111010010110101001001001000011110111010010011101110011
0011101011110100111001011011000001100011111101110001010000010010 1110110001011110111000100000000101011111111111110000000100100100
1100110100101100000101110001100111001011100110000110101110110100 1101000110101000010000111101110001000001001000000001010111011101
1101000100111101111111111010110100110110001001110000101001001110 0110110101011101000011010100001011011101100101111110110010010010
0111110010011010001001111010010100001111101100011010001011001010 1000010110001111101011011010101000111001110111111110110011101111
1101010111011110111111001100110000001011011111111101111110001101 1001100000001101010011001101100110100001000111100001100011010101
0010011111001011001100101000110100001111100001101011110100100001 0010111011101011000110111100000101001111100010111001110001111001
0111100111001011011001001101111100100100101011001001100000110101 1001000001001001111000000100111111110110011010001111101010011000
1110111110110110001100010101000000010010101101110101111011000111 1110001110110010010100010111100010010001001000011001001100000110
0111010001001100110111111000000010100001000101010011001100011010 1000100111101010111000011100111111001000000010101100011001001000
1111010010101110001001110111010001000100001011011111000000011010 0111011000010100110100000001011001001010100011110001001010001001
0100010100010110111100011101001101111001011001100001000111111100 0111001111011101011011001110000010001010100000110111010010110110
1000101100100010111011010111111100011000000011010111110010011011 1000011000010001001111111000111110001111001011110111110111000101
0010010010101010010001101001110100101101000000100011111000001010 0010111110111001000100010010001110000000011001110010110101011001
1101110001101010001110100000010111100010001100001111101000111111 1101110000110110001101010110110100010110110101001101110110000000
0001101111110101001010000101101000010101100000001100111000001000 1000111111011011011000101010100010110011110100010101101100111011
1000110111001101001111111010000011111010010110101000110000100011 1100110000111011110010100000000101111001001011101101110010110010
1011111010001011001000100011000010010011000001101100001101101000 0110000111111100001111101110110111011100101010111000011011000000
1010110101001111010010011010000001111010011011110011010001011100 1000000101001101110000000111111110100001011101011011101100101111
0110001101111001001001001001011011110111011001111011101110101100 1111000000010111010011100001101001001001010101111111010110101001
1110000010101010011000110101110110101101101010010001001001111111 1101001000110010111001111011110000001111011010000110011100101101
0000110100100011101100100110011111101110111011011101001010010111 1100110011111101011100111010111010100111011011101010011100100000
1000010111101110101000010100000110010011010100100110001110100111 0011111000011010000010010000100011000100001010000001101110101001
1100111001100100001100001110011011101011110000010010100001111100 1001010001001110000100001100101111101001010001110111011000001110
0111011010111100111011000111000111011000101010110011111001000010 1110111101011001111101100111010110100001101111011000010100011100
1001011010001110101010010110111000001101110111010010010000011001 0000100001000000100010101010110111011010011000011101101111100111
1100010101100101101000001101101100001000001100111101001101000011 1011010011101010000010010011101000100000100110111111011010011001
0111110111011111111110000100111010101101101110100001000010101111 1010110101101101010000111001110110101110010010110100010010100011
1000101010100000011010111010100100001000111110110100001100001011 0100101001010010000101110011000111111100110111010100001101010011
1001011111111110001001010110100001110110101100101101001000010001 0000010011110011011100010100011010010010100001001000011110101111
1011101001010001101011001100101110010100111110101011000100110111 0100110001110000001111000000011000101100011100000110011001101000
0001100100111111100001001001000001000011001001111000001010001110 0010010110010011101001110011111001010101100001100011010001111010
0100110111010100001110000011110010000101000110101001000101000001 0010111110011100010011100001000101001001100011000101110010101110
1011110100011101011110000100011010010011111010011101000100010111 1100101100111000010001000111011000010111111111001100011100001111
0010000000111110010100111010000111000000100100000110010000000011 0011010010110101101011100100011111010010001011110000001111011101
1101011011010000011010001111101011110001101010100111011010111001 0000101011001000011011100001110110001000000101011011001100111001
0000001110110111010001101111111011101110111000001100010101011010 1011100001010001001010000110101011001010001100001111011111100010
1010010100101100111100101100001010001110100011011111001011101001 1111111111000110111001000111001100001001010110110100111111000000
0101101011001001111110010001010000101111101101110011011101110111 0000100100111101100111110000101011010000111101010001001101111000
1111001000010001000000110010001001011011111111110111101011001010 1000001010000100100010101100101000011110110011101001000011001010
1110101100011101011011000110110111011001110001110101110101010110 1011000010110111110011101001011111010011011111011011111010011010
1101111100001011101100010010010100011101101111101001000110011110 1001000010110101000100111100001110101100001101010110011101111001
1111011000001001010010111011011001111011010001001100111100011000 0111111010000110000101110101111101000101010010010000111101010011
0101000010100100010001101000111011100010100111001011110001111111 0011011111100001010100001110100010101111100010101100100111101011
1010100001100100100000110110011110101010000100011111001100101010 1011001110100101110011100101001100010001001000101000000001010101
0000000100000111101110001111110111110111000100111000010010001111 0101000110101001101001001111111111111000010101001010000101101101
0111000100110111100000111110000011111000111100000001000011011000 0010100101111011101011111011010000000001111101000010111111110101
0100111001100001100100111000100011111111101000100100101010011110 0101010001101101111010010000000011110000001000111000101001111011
0001010101100010001000010100000010000001101110001000100101011001 1100100001000111000110101001100011011111000110100110110001011000
1111001101000001001100101000111001011000111000011000011101010010 1011011000001000010110110100110010011100001101010101111011100101
0101101110100011011100011010010000110110100010110101000100110011 0101111010110011001110100000000111110101010100000001100110001000
0111010111001100100110001010101110010010011010001011111000011111 1000111100010010100010111110110001101011100001100100111001100011
1000100111111110101101100000100011001011011000110011010011010111 1010110110111100110010101010100111010010101000011111100011111111
0101000100101010011110111001000011111111110110010101101110111001 0101100011010010000100000011110110100111111000101001011010110011
0111110101000101010101111100000101010111111010100010111110100010 1111010010101101011000100010010000000110001011010001100111110001
0111111001010100101011010000101110001001011011110011010001001110 1110001000100011010111101100111110000010001001101110100101111100
1010110110000110011011111100001011110111001101010101111100111001 0101000001101001110101100101100100001011101010100101110101000111
0011011100111111101001110110111001110101100011100011000100001111 1000110010101010110001000111100001111100111001111110110000000101
1001001111101010100010001010001100010000011100001011011000010110 0011110110110011101011111011001001001110100100101010101100010001
1001001110000100111000101001110111010110100000100100000001100010 0101101010110011001000111011011001001101010011110000100101100001
1100100000010011001010010000100010000110100001000000010100000111 1010011100000011011011100001000100010101010101001001101100001011
0100010000111011000001100011110001101111011101000100010111001110 0101010110000000100110000000100011101110101100001010101010101001
1101100100001001001010111001010010100100110111010111011010011000 0010010100011011111101101010011101000000001100000010011100100000
0001100010010100101011011000100101110111010010110010100111001011 1100111000101011101111000000010100000100110111101100100101010011
1001000111000001100101001011111100110010010100000101111010011001 0111101111000110111010010111010001111110011100011100110000000011
1101101101000100001010101110110101100100010010100110011101011101 0100110010010000101100011011100010110001011111111011001110010110
1011011011110111001111010111000011001000100011001000100000101000 1110000011100110111111101011011001011100000110001011101000011101
1110001011100011000100110110001010101000101010111010101001001100 1010100001110100011010111001001001010000100100001011101011010110
0000001000001001000010011101000101100010100010100101010011010011 1010001100100111001000101110110001000001111010001010000010000000
1001110010010100010001101010001101110001100111000011100010110110 1101110011010111011111110001100010001001010101110111100011111011
1010110100100000000001101111101101100101011111010100011010011010 0110000010100110101011101101000100110001111010010011011110110100
0110000110111000000110111110010101110011110111001001111101101111 0011010100010101101000000101101101111101100100110001101111101111
0001001101000001111110101000000101111000001100011001111111100010 1010000110001100100011000011101100001001000011001100001010110010
0100100111001000100001011011000011001111100011101011011001001100 0110000010001111000010010000010010010110101001110010110011100110
1101000100101110100101011110111110000001110011100000101100100000 1111101000101001100001101001100000001011010000111101100101010101
0100011011011100001010001001010000101100110001101110101000110001 1100110010110011110110110100110000011000010110100111000100001011
0110011100101011010101001111101000001010101010100111110111011110 1000101001001100011101101111110110000100010101100010100001000010
1110010001000011110101101011110101100001001100111111101100010010 1101010000011110111000101110101101000110100110011110000001011000
0000100010111000101010011110110111000111010111001011111101000101 1000111111110110011011110111111110001101101111011001111010011111
1000000101001010110000101110110001011000001101000101100100000010 1001111110010000001110111011100110101101110100110100110010110001
0001001101000100011001010001101001010101111010010000001001111110 1100100000010110001111010010010001000101110111010010010101011110
1110101110011000011110010100010000010000110001110100001001111111 1000111001010110001111001000011001000111110111110101101001001010
1010111001111111111001001001001110000011100001001010000010101011 1010001001110000010110110111100110111110000110111010000100110111
0011110010111010000001011001000001000011101100101010100001100001 1011111100001011101110111001000110110001110001100110111001110010
1101010000001101011000010001010010000001000000100010111000111011 1101110100100110110010111010001000011101101000110010101111111001
0000010001011100101111110100011110000000100001000111010110001011 0100110100100001111100111000100011101011011010001011010111011100
0010011111110101101101010100101000101011110111000100010100110110 1011001100011000110110011001111100010110110010100011100001001111
1110110100101000111100011011000100011101110010100001000111010100 0001001111111110010110100011000011110000101000001100000111111000
1100001010011101011100000001001110101000001101111011010111011100 1100000011011101011101101001010001110101100101011000010011100101
0110111101000110011000001110010001000100010010110011000101111000 0001011101101100100110111010011100000100111011100111011010010111
1001111110111111100010101001110110010001001010110111101100000110 0110111000001010011111000100101011101001000011010011000010111110
1000111011010101001010100101100101100111111110001000001110110111 1010101000011001101110010010010101000001010011011001100001101001
0000000000101000101001001000101110101010000001001000010001000101 0000000100100101010111001011100011110011101100111000000110000100
0010001011011110101111011111000101011110110011100111101000000100 1100101011001001001001100000100010000000010111001100010011101011
0101010101000010110011010101111000011011101110110110000011100101 1110011100100101110001111101100110010000101000001110011110101101
0111100011111000111110001110001111111011001000011111011100001000 1000011110110000100001111110001101011010011110000110011010110011
1001001101110110011111010011100100001111011010010011111101001000 1110010100011010110000001011110011101100100110011110000110010110
1011010001001011000011011000100000011001001100110000111000100100 1101001101110101110100011001011010011000111001010011100101100100
1101010010001000111110110011011011001000111010111000011111111001 0000000000011110111000110001000011011100001100110010101010110101
0100001100000011000111000011010011110100001101111110101111001001 1110011010011101111100110111110111010111000100001000010111011101
0001011101001111111110010100001101111010001101001010001000101010 0110010110011011101101010101111110111110010011100101110011100010
1110110110110010001111111000110000111011010110100000100110110001 1001111101101101101101100111101110101111010011000101110000100110
1001101001111111000011000001101000110001011011010101100011101001 1101010110011100111011100000011000011110111100101101111111111100
0010110011111110101101101011100011100110010000111001110001101101 0101111010110101010010001101100100011010001011001110011000110111
1100101011010110111101110110010111001010100100100000010010000001 1010110000101100000001010011011011011110101010111100000000000111
1010101100100000010100000101011110011111111011110000010101011010 1111101001011001100001100111111101010110111110011110000101000010
0111000000111011111010110000111101000111010111111101001011110111 1000100110110101010011110001100100100010110001100000111010110000
1101110101101011110100100110101101011010101100010011011010100001 1111111101100100110011010000101001110100010011000111110000100000
0100000000111100101000010100100000000110111110101010010101100010 0000000001101000010110011110111110100110011010101110011101010011
0110000100000010101100100011011011001011110100011011011101111100 0011000001000000000010100000110000111000100001100100110000110001
1100110011000110110101011001010111010001110001100101100001010010 0000111110011100101101001110010011000101111001111110101111000110
1000110101111010011101101110101110111011111101011001000000011011 1101110100011000011000010110100001111011110110010110000101110001
0001000010100110110000001110101010111010100001111100010001000000 1000100110010110111111101110100101101110011010010111000110011101
1110010110110000010001011111000001000010010111011000000001000010 0000001001001010001000100000110100101000010001000110001100001111
0001001100111000100001100001001101001100110000000011011011110001 1110110010100001010010000000001001010110111000000101011010111111
0110110011110000000010110111011110010010101000001110100101110010 0000010010100001000111111111100011000011110000001011100110101110
0001000110101001110101110101100010110111100101100000010100000100 1000011010101111000111100010101011100000011001101000100011001011
0100100011001100110101010101001001011011000111010001100111000000 0101001000100111010111111000011000011000111011001110111100011101
1010101011001100111010000000001011111111111101010010000000110111 0100101010011100011000110010100011010011010001100001110101000111
1110001110000000101000011011001101100001000011100100000100100010 1110100110001100110100110000011011001001100011000101101101010010
1000110011010110101011011010110010001000110110100110111000101011 1000000000010001101110101011011000010110101110001010010111100001
0100010110110111110011011110110011001100111010100010110101110001 0010101001111011100010000101110110011000010101011010110011111101
0100100101000011100010010110101000110000111100011001101100111101 1110111001001011111101000111001010000001011100100010111110100111
1000011111100001110101011111000100001111100001110010011011010111 0010011010001011101010110011011101011101100101000100101001000000
1010010110001011111110010010111001010010011110100010101010101100 1011000001000111000001111101000100001001100011101100100011010111
0010000111101001001110000110101111100110101010000001110101001110 1001101110111111101101111110101010100111000100001000101000101010
1011000010111000001111110100101101010011100011011011010101011010 1001100000110101111111111001011111010010111000110101011111110011
0001111100100110100111000111010111001001010111111111010100001001 1101010100111101000111111100010001010100110001000101100010011110
0100110101111011101000110011000001111101100101010101110010001111 1001010100010010011101000010000001011000000100101010001111011011
0101001101000001111011001011011100000100101101100001110111111010 0101011101111001100111100010001011011101010011001001000110111000
1101001101001110000111011001010110111010010101111111100101000000 0110011110101111111011111001111111001011000001001010101000011100
0000000001100000001110101011101110101101000010110101001100110100 0010000000101111011011110010101111010000000001010010110111101101
0011110010100001001100011110101011010011101110101100111100011101 0001100110110000111101100000101111011111010001001100111000010101
0010101101001010101011110010111111000000000100011110100010100100 1100000000010010110111000111000011000101100010100001110010001111
0010101101100110110001100010010111111110101101101000001000111111 0111110101001000011011000101110100011100110100110111101101001010
1100110010101000110100110001101100000110001010001001010000110111 1101001100101110110110111011111100010111010011000010011010111111
0000001111011111110111000110111101100100011110000111100000001101 1100010111100110001101110100011000010001100011001010110011011001
0011001100010111110111100011110101010110110101101000000011000110 1010001101000010101101111000100111101111010110100011000011110110
0100101110001010001001100000110001011110010100111111110110110000 0001001100001110101110110011011101011111100110001001101010110111
1011101111101011011111100000101001000100101011100110011111111010 1010110111010100010000111100000010101001110000110111001010010111
1110101110010101000011011001011001100001111100110010110000100110 1101011011011101101110100010011110011111111111110011001001101111
0011010010000110010110111100100101000111011000100010001010001101 0101010100010101001001101100001000001010010010110110001010001101
0110010010111001111100011011010000010000110000101001111111001111 1100111100111010101001100000101111010100010111101110110101110100
0000110101011011000000111100000101001111110011101101000101100011 0110010100010110011110101110111011000010100011100010010011001101
0000101101111011111010011011110001010001111001101100110010111000 1100010011000110110011100001111001100110011000010010010101110100
0110100001000100111011001100001011110111011011010000001001100011 1011000000001100011101000110100010101111101010101001000011011101
0000111101001100100110111001110110101100101111001001110110111011 0001010010110010000101101101110010000101110011011011111101110010
1100101100101111100100100110111010001010111010001110000000000010 0000000000001110010111001011100101101010101110101010001000111111
0100001011011100011110000001010000000100100001110010000100111010 0010000101100000100110101000101011000111011000110111101010111000
0010110001011001110100110111001101010011101000011110011100010110 0111110010100101011110001101000110011110001101110010101101100110
0111001110000110000011111000000101010010110001010101101010010100 1000111010011100110111101001111001011111000110010110000001001000
0000100001100110111101111010100010000000000011101001110010000110 1011011110000011011011111110101000101110001101111010000000010010
0111000010100010011111011111010000100101000110011101110010110011 0111000100100010011110110110110100110101110010001110010100110001
1001000100110010001101101001111010100100001100011110110101001010 1001101011101001000000000110011111110001011010011001011010110001
0000001101110011000101011001101000100011111000010011111000111110 0111101010011001100101101001010101101000010100011001101011001111
0010110011110101000001110010111001110001001001011001110011000110 1101011110111000100000000101111011011011100101111100100000111101
0001101011000000111011000111001100111010111001100111101101110000 1001010001001100100011101001101000001100100010100000110110100111
0000100011110101110111100001101011111000000000100100010001011101 1010111110010010100001100000111011110100111101011011011110101000
1111101011101111000001111111110111100010001110000111001001000011 0011011111101000100111111010100001101011001001100100001100000101
0000111001111111010101001001001011011011011110101010100100111111 0100100011001011110011000010011100011101101111111110100000001110
0100000101111000010111011010111101010101111100100000111110010011 0110101101001000110011001100011111110101100111100110001010101111
0111000111000001100101101010101011000010011110101100100100101100 0100000000010011000101110011011100110001000110000101000111010100
1111100100110110100000011011100111110110000111101110111100100001 0010101000110011010000011110011100011011101101110000000000111001
1000101111010101000001011111101001011011101011010111000011110110 1100000010011101100110001011011101111101011000111000001011101111
1011001101111111100010011010101111100010000011101011000100000000 0000011000010100011011101110100110110110111111000001011001010011
1010100100010000101011011010000111001000101110000111101111101110 0100100111000011111100111000001001100111110010100110100100101001
1011000110101001101110010010100100111111110011010110110011101100 0001010010110010110010011000010000001000101101000011111010010100
1111100000011010101101110111111001111110101110001010010110111000 1111111011000000110011000010101100101001110001000010110110100001
0000101011111011111011101110011100011001010000000111100001110101 0000011001100101111001010001010100111110111001011011110011111101
1100010001010000001100000110001000011001000101100000110111001100 1001101010011101111001001110110010111010111011111010100010101101
0000000010010011010000011101111110010000111110000000100000011101 1001111111111100011010110001111000000111011100000101001111111001
1011000001111100001111100100010101011110011111010110011011111001 0100000111010010111000101010001101100000000111011101000101011000
1111101001000111110011001011010101000010001100101001000011011111 1001001110010101011010011011111100001110010000100001010111000011
1001000110010000001111011110110110010110110101111111110111110100 0011000110001001100000010001111111101111001011101011111110100001
0110100110101001110101100001100000000010111000011110111011110111 1110011101111110011011110101010011011101010101100101111011100101
1001110100111111010100110101001101111111100010000010000001010011 0000110000011110101000100001000100100101010101001001011010100000
1001011001000100001001010001000010101101101011000101000000100010 1000101001011000101010111101111101010001011100111101111111100111
1011111111011110000010001011001001001101101111100110110100100000 1111111101001000100011100010100000001010101110010010010001011110
1110001110001011111001101011011101000001100001001111011011010010 1101011100111111000101100101011001011011101111111100101101010000
0000101010001010100010100010101101111111001110000111110000000110 1100111111110100101010110101111110100111110100111001011100100110
0001110111101010110110100010001101101101111100000101001000001000 0110110001101010011110010110000000010001101010001100110110001000
0111000010101100101001001001101101001100111111101010010100000110 0110001100001011010010001000010100000011101000110101010110110001
1100100111110110101000101110110010010101101011111001100011101101 0010101101111110001010110010011111100011111010010001001110010010
0110010011100000101100010011100110011011000001111000100100101101 0000101001000000011001101100100111000110101010110110011000001011
1011000111000010001110011010000001100010000101110011000111100000 1100110110101110101100001011110100000001100001110110101011110101
1001100111011111101010011111000100010000111010111010001001010010 1001100100101110011101101100101101001101110010111000101101000110
1000000001100111011110100000000000111110000100010111110010101111 0010001101000110001001010011001010111110001010111001111010100001
0001011101110100101111100100111010111001001001110000110011000000 0110111010111101011100101010101010010011011110111010011000011111
1001111001110111110011000010000100100111001001001011000101101011 0110111111111000001010100010010101110110010111010100100011000101
0110110101110001111001110101100100011101111111111000101010111110 1001101011000000010001110000001111111100000111011101110100101100
0011111100011011111100010100111111001011111111010110011011011100 0100111101110100011111010010000110111011000100010110011001010110
1011111011000001011000011000110101110001000101100011010111011011 0001001111000010100101110010000011101001110111001101111110110010
0110100110110101101101100000110110001001010101001000100000000011 0100111010110100000101111001100101100110010111001001000001001111
0011011101011100111011000100110100011001010000011001101110011010 1000011010101110010010110110011100100100111001000001101001010100
1010100110001111110010100101010010000000010000111101110111000000 0100101110110100001001110010110110111100100100101101011100110110
0100011010010010110111101011110010010010010111001000101101011100 0010101101000110001101011011011101100000111010011100000010001010
1101111100110100010100000001100100100001011111001011100111000101 1100011110001111010001000001110000101111100011000100110011011011
1010000010011001100010110100001110111111110110001110111100000101 0101100110101011010110000111100000101101010110000011111011011000
0011011100111111101010111110110000100010110010001000000001011000 0000100110101001011111100100011011111011111100111000000100010011
1011001011001100110011110100011010001001010110110111100010001001 1110100110010110000101100100001101110011101101011101000100011100
0110110101000100110101001110001001111110100101010100111101011001 0001111001100111011010100111100010100000000011000101001101000110
0010100101111000111100100000100010001100011111001000000101000010 1010101111011010010111011100011111111100001101010101011111001110
1001100001011111110111100010011111111001010010011110101001010110 0001100010111101011100001110110101111001011001100100000011100010
0001111000000101000011101001100011110101100011111110001001000111 1000100100011110100010010101001010010100111110000000111000111011
0111000001110010010010001100011100101101110001110000111110010011 0111000101110001010000011011001101111111111011001000111000111110
1001111001100110010111100001101000011001011000000111010001110001 0100001001101110101010110001111001001010101001110110010101110101
0010110010011001010100110111111110101100000001001111001110101101 0011011111110001101000010111011010010111001100010000101000001101
1110111000110100000100000011111001011101000101011011010011111000 1001101011100100101000100000111001011000110101100001001110101011
0101110111111010011001000110100101011001001011000001001101000011 1011000110001100011010000001100001000101111010100110100100001011
1001100110010000101010010101011010000000001000100111000000111001 0111010100000101101000011000010110001110011010110010001101000001
1100101100010110011100101001000100000100011111100110111001000110 0011011001101110100000101101010111011011100000011001101101000010
1000100000101001001001110101100010101101111101111010010010101001 0100000001111111001001110111011110110110010000110101110011111111
0110011011010000011010010011001000010100011110011101110011111100 0010101000100010111100010010101010110000111111110100001000101110
1101010000011111000110011111111001111100110110010000000011010111 1100000101100101101111100001010110100100001011011111011001100100
1001001101101000001010110110010000000000110010111110011111000100 1111011010011011011001111111111101100100001010100100100110111000
0110010010101100001110011101011000101000111000101101000100010000 1000101110010011110011010111100001001010110000111011010011000001
1000111110001100110100100100000110110000101010001110000011110010 0011101011000101101111001001000100001010101100100011011100011001
1111101001101001011011111011011111111000101000000000000101010110 1111101100100011101001111111000010101100100111101001001010111111
1101011011110100111011011001101000010101101101000110011101111111 0111110001101000011001100001000000100000000101001000111010010000
1100111011110001001100011010100100001000111011101110011010010011 0001000011110111101101111001111111111100001101000011111110000000
0101101100011110011011111000001110110001101110010100100011110100 0010000101011000001011101001000100110010010000110101110110111001
0101110101101001101110111100100010001010011100101001111001000000 0001011011110111101100101000100000011100000001001001011110011111
1011101110111001011010101101001100010010111110101011100110111111 0100011000110001111111001001101010110110101100001100111010010111
1001110011111011110010111001010011001000110001111111111100110111 0100010000000111000100010001000001011011001001001000101010110101
1110100100001001001001000110100000111101111110100010000111000000 1101011001000001110000110111101011101011000000110111100110011100
0111000110010111100001011010111001000000011101100111111111111011 0010001000110000111110110001111000111111111011111111110000101110
0011100001100011111000100111101101010100100001011011101100000000 1001101100110000101011111110111001000110100110101100011100011110
1101111101011000100101011110010110100111111110010111110111001001 0111110100001000000000011101101001001100000111001100100111100100
0010100011010100010000101111000100101111011100101101010100000010 1101000010000111010100100000110010000000001101001101011001100001
0000111111010110010110100110000010010110001001111110000111100011 0101101101001101001100101000010001000000000010010011110011101110
0111000111000110101000010010000010011000011100100011111100100010 1010111100100111010100001001010011000011100000111010101101110101
0110001000111101001000111111111101111010110101100000101010001110 1011011110100001011100010101101101001110000100101000001110111000
1101111000111111110101110101000111101011000110000000011101001001 1111100101000110010110111011111011100110101001001011010101101100
1001010001110000101000010001010111011010010101000110010001100110 0011000101100000011010101111011101110101100000001011010110000000
1000011001101010010111100001110010101100100100000110100001000001 1111010101000100100011001001101101000100110110011110010110101101
1010101110101100011011010000101101111101011010110010010110110110 1100001011110000010010110110001101010011011000110000100011011110
0111000101001111011001101101111000000010011000110111001110110000 1101011111010011001010100100011000111110010111010011100001100011
0110101010000110101110101010000001101101110010110010010010111111 1111011011000010111111110100001101110101001001111110101100011100
0000100110000001010111101100110000011101010001111001101010111000 0100011101010011111100001101101000010100011110101001111111001010
0000101001101010011110011010001100100111000101001111011110101011 0100011110110010111111000100001110110111001010100101011110101000
1111011000101101101000101100110100101110100110011001010111001010 1011001100111010110101011001100111111100000000000110100001101100
0001100110110100101000011000001111110001011000100001110001010100 0010010011010101111011111001110001110000011001000011101011101111
1011111101101001111100011100101111010011010010011001001111001111 1111011100000111011000001000011100101111101111000101000101000010
1101111101011010110010100000110111010000011110001110010011000110 1110011001111011001110101111110100100001100110000001100101111001
1010101010101101110111000110010011101010011111100001011000101001 1011101110100011110101101101111000011011001011110001101010001101
1000110111001100111010001001010100101111010010111111000011001001 1101100101110101100111111101000110011101100110111100111010111010
0011100000111011001101100110001111110000011011101011000110011111 0000010110110011011110000001100001001011000010011111000011001011
1001011101000111101111100101000111110100010111101110000111001011 0011011100100110000111101111111000110101001000010100001010100100
0001011101000011110000110101110111101010100010100101101101010011 1010000011101011101110101110000001100011111001011010010010011111
1111110011010011111010011110011100111101110011010100000101001101 1111101110111000000000011111010001101000001100101111001000101000
0000100000000101100010111011101011011111110001100000101110101000 1111100001000101100000001001010100011000111011001110111000000101
0011101000100100010110000010110100011110101111101111101101000000 0100001010101011011001100011100111011110111011110001011100010101
0000110000001011000100100001010001111101010010000000000000110101 0011010110101001101101101100101100000001011000000101111101000010
1000110011010010001101100000011110011001101111111001111000101100 1001101100101011101100011111100101101000000000101111110011010110
1000110000110111010110001100000111001011111010100100010101000100 1110010111010010001010111110111000000111000011000100100010100000
0011111111110010000110001010111001010101011111010110110111110010 0111000101101011101000010110100110100101011101101110010000011011
0010011001001110110100010100001011011010101000101110000100110101 1100110010001001101111011001010011011101111111000010001110000111
0010000011101010101001011000110111000111000101011101010000111100 0100100001100101110000111111011100110011110000000010110111110000
1011011011000001101111010000000101000010111101000111101111000111 0011001100011101010110110110111101101110110001011010110110001001
0001000111100010000011110110011101000111001111011101101000000100 1000001100110011000110111111011010101111110000100011001111101111
0010110011000101111000100001000011101001100100100010010010111011 0011100011100110110001010101110111000011100001111111101110001100
1000110111110110001111101111100010011110001111010000101000100110 0110001001110110011001110111010010011001011011011100010111100010
1011011111010110111010011100101111010101101110110000000011111101 1000111101010101011101111010011100010101111100010001110110011001
0111111000010001110010111010101111001100111101001011100001011010 0100101111010101110100100010110110111100110001111010010110011111
1100000010010001100100011001110110100001010000110001110010100100 0100110000111000010101010111001000100100000110100011000010111110
1100110010101100110011101110101011100100100011011000011110100110 1111001000000010011011001001111100000101111111001010111110001101
0111011100011011111110111001101000111100101011011100000110100000 1111011111001011101001100111001011110110000001111111101111100010
0010110100011111001001100011110101010010010001010001000011011011 0000101111110011011111010001101111000100110101010100101001111010
0111110101111010111110111111110010100110101101001100100111111111 0000010010100011100111011010110000010010000111000101001010000101
1000010011001001010010101000010010001101101010111000111010101000 1101111100010001000101001110101001000000100001010011000001010000
0100011001010110111100000100011100100101100000000000001011001000 0101000010111111000000000100110000111001011000001110001100111111
0111001111110111001001001000010010011010000011011110110010010010 1101011001011000010110101100000111110010100100110111100110001100
1011100000011001101101010111001111111111000000101000000110010100 0101101000010101110111110111000100010011110000001111001111011000
0110111111110111010101001101011011110010101001101111010110010000 1010011110110011100001111110100001101111110001110011001101110110
0110001110010010010101100000101101000010110100000010001010101000 1011010100111001011000010001000000000001110110000000001000110110
0111011110111010100011101011010011101010110110010110000111110100 0011000010110001101100011011011111000010011010001001000000011111
0101010100111001101000001101101110010101110000100111011100101010 0101011010101110000001001110010101110111001010110111001100001001
1101101011110101110001111101010100100111011111001011101010000011 0100100001010010101001110111010110001001010100111100100000011011
1100110110100110101011011011011100011000100100110000011000101010 1010011100010011000101010110010011101011100000001111010100001000
0101100011101111100011000000111001000101011110100000101110111001 1101101011110110101011001011101111111001100101110001001011000001
1110000101101101011010000111101111011011001101111101110000001110 1110100110101110111011000101111000101111011010001001100100101110
1100001100000011100000101111100001000011011001111001100100100110 0100010111110111110010001001010011100110101110011011000000111111
1000110101010001000000111101101111111001110101110010100010110100 0110010110010000100111111101110101011001001001101110010000111100
1110101010101010111000000111000011010010000111111110000101101111 0111101010001111101010111001001011101100001010000000000010100000
1010010111100111001110100100001010100101010100110001000100110000 1101001111111100000110110000001101011111000110111100011111000101
0001010011011010101000001001111100001111010010011110011101110010 0010011111010010101011010000101100100100000101101100101011001011
0101101101011010100101011010111010001011000011111100010110000001 0110011011000111100111010100110001000100000100001100000011001001
1001011111101010010100101100111011111110100100010100110101101111 1100001100101111001111111101000011001011000110000001111001101100
1110001000110111000100001011010001010101101101001010010111100100 0110111001001101100110110100111010010111100111111000110110101101
1101001110001010010001100000111101010110000101110010100101100111 1100000001011000001011101010100001100011111010001100011100001101
0111111111000010111100010110001101101100011000110000100010000101 1011111000010000100111110000110011101001000110000101011001100100
0110000010011000010110000111000011110111100011101100011011011000 1111111100100001001000000111010111011011011110101010110010100100
1011101100111001101100000001010011000010110111101010010111010010 0100010000111111010001101011011011100101111010100000000110101011
1011111001000111001011010110010010011011000011110101010011011111 1011111011001010101000001110010101110111111001111001011100101001
0111110100110101000101010100000011010000100011011110101100101011 0010011100100000110100110010111111110011000100111000010111001011
0100011001000110010100101101010101100111011111011000100001010011 1110000000010110100010011011100001010000001001000101001100010000
0010000110111101110100100001011010110101101001010111001111010010 0001001100000011110010111011000011011011111000000101100101100100
1110100111001110010100111011001100001000010101101101111001000010 1100010101001000001011001110110100010000011111100010101101110011
0011100000001000001011001100111011111110010101110110110100001110 1100110011101011100100111111011000111011101110110010111001100001
0001001101011011101101101111000101000000000111011011111010010100 0001000000011001011000010111010010101010011101010100000010101010
1101010011000111101011000001110011100001001100010100011010100010 1110011000011101101010000000101011000011110010001000101101110010
1110010011010111110111011101100011001000000001010100011001000100 0101110110110101101011101101101111110010011111011110101011001010
1101000010010010111011001101001111011001010110110101010000110011 1000001011101011011011111111001001101001011000010111011011010001
1111010011000101001110000111111100011101111111000000010111000011 1010110111000101110011101111000000100111101101101010011010011100
1111101100110011110011101101101111011101101101110010011010011110 0110100111000000111101000000011100111111011100111000001010000001
0000100100000110101010100000110011100010000000011010001010001001 1101001100010001000011101100000000010001101000011011110100110111
0011111100011010110011100001000010011100110000010010001101000011 0100111010011011001001101101011111010110001100001101011011011011
1000110111110010110110000000000010001000101110101101011011011011 0001000111110011110011000010101010010011110000110111101011001000
0110000111000011001010011011001101100011011011011100100111100001 1000001101000101111111010000001001001101001001111111001100001101
0110010010110000110101110100100100111101101100100101011110001110 1010000111000000000011111100011001100100000111011001010001100001
1000110011010110100101110001011000101101111100011101101001001101 0100010110110111100110001011110000111100110111010011011000000111
1001010000011001111010010100001000011111001011100010101100110011 0001010010001100110000001101100001110010110101101110110011101000
0011100111100101100110110000010101001011110010100000001001010110 1010011111010111111100010010100111111001110001111000111000001011
1111110110001101010111010111111110010000001000100100100000001110 1000110101001001000110010110111011010001011100001100100001011011
0001001010010100001100000110110101111101010000001101101110110110 1110001110010110110100111001011100110111010000010011110110110000
1011001010110111100111001010000101110111001100010111010111000001 0010110111000101111100111001101111010000110011001001101000000010
0100011101101110011010110011011101010110001110101001110001111111 1100001010101011010000010010110001111111100101010110110110110001
0000110010010111100000100011111100001011000010010000100110100100 0101000000110101001110010101011011001011001101100111110110010011
1001110100000110111101011101000010010111101010110110101111000110 0111010111101010110010011001000111011100111000010011010011111101
1100100111000101001100110010011000100011110101001111110110010100 1001010000001111101001100110001010110111110101000011011101001000
0111001110010100010110000111101010101010010011000000100001101101 0010010001001010001101100101101101000001001100111110011010011110
0001100010011111011101010010100100111001000000000000101001010010 1001000000100001100011000000101001101001000001101000000011000110
1010010000010011110010010101001010000011001011101111000000101110 0110100000011011101000100111010111101100100101100110001011000011
1010111111010010110101100000110100011100001111111000100101111110 1101010110000011111100010110101100100010011011011111100100010010
0111101100011110001001011110000101101011111011010110011110001000 0100010001011000011011101101000101110110100011001010101010110000
0100110110011110110110001001010000001101110101110100100101010011 1010100110011111111111111001111011110101100000010000101000011110
1010100010101101000000010110011000001100001101100011110100011111 0000010100001100000000101100111000000000111001101000010100011110
0010101010101111111011001001100011110100101110101101111100001011 0100010011110111001100111011010011010100110100110101111111100010
1111000111000101010100000010110001100110111100110101100100011101 0001101101111110011001000011001100001000000000011010100111001011
0110010000001001011001110000001111001110111101110110100011011100 1101101011101111100111101010011111010001010000011011110011000100
1110111010111000100111010110001110000110001101100110110000000111 1010111011000011100001010001110011111000110101100010010111010000
0111101111000011100101010100001101001000001010000010011111100011 0100011110000000111111001000011100010110100111010001010001100111
0101111110110011010101010001010110100010010011110010110101010101 0011101101011100100100110010100001100100111100110000001000010100
0000100111111000101001001111101001011101000000011010000101011100 0001000110100001110010011000101100111100101111001001001110001101
1000000101000111001010001101111011111011100010010010100000011101 0001110010101000000011010011110110001010110101100100111100001101
0011110010100011011011101101010111110111001111011011101111100111 0100101101010011101010100011011011101000000001000010110100110101
0100000101110000001010110001001111000111100001010011000110011001 1111011110000111110101011010100011011100110001011010101000100101
0111110110010001110010101001101111111101010001111100110100011000 0001001001101111100100011111101000111100000011010101001101011011
0101000101101000111100011100101010110100110010100101011000100000 0101110001111010011101101110011011011000101111001001001001110001
1101010100001010101011011110000100010011101000101011110000001000 0111010001110000010000110100101010110110011011100110011111111111
1011000101111100001110010000000101111111001110101000011010000101 0001110110011001111011000010111001101001011110111100010110010001
1101101011110011111011000110110100011110100101001010011111010001 0000101011100100011111101010110101100001110011101010000111000000
0010011100000000010100100011100100011001000001101000100100110100 0100010111100001000111000111100101000110000110001000011000101100
1010011111101011001100011011011110101000101110101100100100001100 1100000100011110001010001000000110010111110110001110000011010001
0011101001101011001000000110000111010011010001011101100111001000 0111101100101010111011101111000011000000011000110011111011111100
1110001000100100111110111010110011000011111001110001000000101000 1100111111000001011011111100000111000011100010101010001000101100
0101101111001100000100011000000001010011100011101101111011100111 0111011000110010101110011001100010010101011000010000001101001011
0101001111101110101111111000111101110101101111100100000001010001 0100011010110110010000011100101110101001110010000010011000011110
1111111111011100100011000110011010000001101011010101111110011011 0000111101010010010010100000000100100100010100101011000110000000
0011011101001101101110011000000100011001010100010011011100111100 1110001001011111010110010110011001011110010110101101100110111010
0011010000000101010011011000000100001010111000011110111111011110 0000010110010110100001100100000000010001100001101111010101100100
1001111100000100111100100000001111000111101011011110101111000000 1010100100101000110100100111101010000100011101111001001010010011
0001010110111011101110011101110110010011010111110110101011011110 1000110111001011100000111111000011100101111011101110011010011100
0101010101000011110001011111011001111100100110000100011100000111 1100010111111101110001000101110101011001110111000101000100010110
1110011110001101101110000100010101100111001101001001010001101011 1110001101101111011100101000111100101011111011000110011100010101
0010011011111011010110101100100101110111011101110011011101010111 1000010010100101110101101111110011101001111100011011010011010110
0100101001000101100101101010110101010111100000111111100000001001 0101001110011111111010111110000010000001100000101111000011110011
0101000110100101111101111001001011110111111011101010001101101010 1100110011100100000001100111000010100110111000000010010101101000
0001100010010000000111010110000000111110111110001001010101111000 1100111111001101101111010001010100110101111111101101101111010101
1011001010001001011010101010100110101010010111010100011000010010 1101100011011011011000111001000111001101101011100110101000011111
1000001111000001001110100000101110100111001001000100010100110100 0110101011010101000010110011000111011001001011011001101101100011
0100101011101001101111101110110010100100100000011001100010110110 1011100011110010000000001111101111011100000011101011111000101010
0110111011100101110100111010110111001100010110000100111111011000 0001101100111111110000011010001010111000010010010000100111001000
1000110001100100011111111111100001010111001010010011001111111000 0101000100110000001011100110110111001000100001000011110100000000
0000010010000000100100111011011100000110101110010100010001001000 1001010000101100111101110000000011110111000001000010101101110000
0011010001011010100110111101010011101101111101011000100010001101 1101000101101110110000011001101000011000111010000111101000110100
0010100001010110100101111010101001110010100110011100011110001011 0111110001001010110111111110100110010111001001111011011001100101
0110100011010100011010100001000111110000000010100100011010100100 0000000100110011100010011001110001010101001100000001001001100001
0001100100001101001100010011111011100011110001110011000001110101 1100111000010001111010010001110111000000011001001010000011000101
1111111110111010011001100101011101010011011111111100000010010011 1010111010001100110100000000110011100011100100100111000010000101
1010101000000001110011000011100101000000100000110111010000101100 1101110101110001110101111101001011110101100110100000111111011010
1100100111111101000011111000001110100101010001010111011110111110 1000010101101101010110111111100110010110001101101101010111011101
0111100001110001001011111001010100001111001011001110101011101110 1000111101100101011011000010111001101011101001000010001001001010
1100001110000101101100110100100100001110010101100100010111111111 1101000111101101011010000110100011111011010010110100110001111000
1011111100010100001001110001001110111011110101110000100001001110 0010001001011111110001011101010110010000011011100010010001111011
0000110110110001000101110011000000101011110011110011100101100010 1110001110010000100000100011000111110010010000011001101110110000
1111010001010011011111010000010101111000011011000001101110110101 0101110111010100101001110011000110101000010011010100011011011001
1000111100001011011110101000110110001010111111110110110101010001 1010000101011110110101101101000101010111011111010110010001111111
0111010100111010110111110011001000010011011011010101010101100010 0010101100001000000110000111111111000101010010010101000100111110
0010010000101000001100101110100000100011010010000100110100010100 0110010011011101100000110011001010111110100101001000101111110010
1000011010100000000111000010011000010010110110101011100000111001 0111001111001111111011000111010011011101110101011101010100001110
0111001101111011001100100001010010100111000001111100001000111010 0011110001001101111010011011010000001010110110011010100101111111
1011100000101110010101100110001010100100101111110010011000010010 1101001010010001100110000100101001100100000011011001010000110010
0110011100111000101000000100000100100110011010110011001111100001 0100100101100001000010001000100100111000110001110011110101100001
0110001100111111000001011101000110110101011101111000000010011000 0001100011000101000010101110001101010011001110000010011011110010
0001001110000000100110011000111100001000100110100110110000011000 0111110010001100001001010001101110101010111110110010001011100000
0111011111111110001110110011000111100000101010010100001000011000 1110010110101100011000000000011100001100100100000101100001101010
1110000000101100101011001110010011000000001101101011010100110101 1001111011011111000011011011111010011000001000101100000011101110
0100001001101001101111000010000010101100111100000000100011000010 1010111001000010100100101010111000101110000001100100011100100001
0011101000110000001000010010000011000101001001111110111101001010 1100010111000011010001010001010100011111100111011100011010011000
1111011010101001011100001110000110000010000100010110011110111011 0101010100101010010101110001011010000010100010001011101011000011
0000110011110010010111101011001011001010001111111011110100010010 0001110010010010000101100000000101101011000101001111100001110010
0000110011100000101001000100011111101110011101011010111101000010 1000101100011101111011001010010111011100011110011101101100001011
0010010011001010011000100100010100011010110100010000001010001100 1001101000110010110100111000001001101110010001100011011110100010
0101001011100011100000010001110100100100011100001111000011100001 0001111001010001010011110001111101101000111011101010001001110100
0110110101110000110011001000011100011111001011010110111100010001 0011111110100000100010000100011000100010000011100001011111010001
0000111011111010000001101010010100100111000100010111110100100100 0101010001111101110011100011111110001110101100011111010111000010
1100011100111110111111000101000000010101001100101001101011010000 0111010110111111010101111110100111110000101101001000000001010101
0110011111110010000001011111110110101110001001110011101111001101 1111110010101010000010101011010000101011101101001010110100011001
0111011001001001011010001001110111000100110110111101101011011001 1001100010001101101010100111010110110010100111110110110100110100
0111101000110001110110001001101001101000110110101011111001000100 0100011111001110010011101011100011110100011100010101010110101110
0000010101101010011111000111011101011001011011110011110011110111 0001010001001010001110100011100110001110100101110110111011101110
1100000111100001101100011000001111101100100011110111100001000000 1101001111010010001101000100100110001101001011101101011101110001
0000001011100100110001001010110011011010001111010111011111111111 1101111001110111110100011010011101111011010111110010000001101101
0010001101110110110110010011100111000100001010110100100010011010 1110111100101111010100110000011010101001010101001110000011010010
1100000001111010000110001001011110111001110100100101101000010010 1001110111101010111011101101100001101001000001101010100111110101
0111000010100001010111100110100100001000101100000110100010010100 0110011100010000011101100110010010110101000110000101101011111011
0000101100000000110001101011011011100110111010100111010000001010 0111111110111110000101111010110111101011010011011101010011101100
1101000000011111000010110111000010110111001101100001101010100010 0101111001100101100101001100001010110101100100001000101100011110
1011000100001100110010011110100101110011000011001011000111100110 0010011010000111001001110110001000111010101100010011000111000111
0001100110001000101011001100101101100111100110111001101011110100 1101011111001011011000111110001011101100001110101001111010110010
1101000000010001000110000000001001111000010110110000111010110001 0001101010001001110001100010101010100101011110100010001101001011
0001011000000111101010111110000011001001000011101100101011101101 0101000000001100011110001000010011100001010001011110101010110001
0111010111011111111100100000101100111011000110110010000110101001 1100100011010100001000110000111101111111000100001000111110101011
1111101000100000011001111011001001101100001010111110001000010101 1000111010101101110111000110001110011100101001000001101101011101
1000011010000001010011101111011000101111010000101001111010110000 1011110000111000110001010011000110000110101101011101101010110010
1001100100000101100110000010001011100110110100111010110100001011 1011010110010010010100101001010011011011011001001111111100010100
1101101101100000000101111110001100000101001111111100100001001100 0110000010010111111100010010111100000011000001110000101101100111
0010110010010001011101010101010110101011000101111100000000011001 0111110000111100000010110110110001111001100110111101001011111010
1101000101001010000001010000001110110111100111011100000001101011 1111011010000000010100100101011000111010100101101000010010100111
0001011111101001010100110110111110010101110110000000101111000011 1001001000011110011001100110100001001011001100101110100101001011
0111000110010111110110010110101010000000000110011001000011110000 0011100001011100100010100010100111010001000011011100100100000111
1110000010010110110110110110010111110100010101101001101101001001 1011101101001111111010011001010001101001011010000101010010011111
1001001110100100101001011000100111101001001100100011111001000100 1101100101111011110100101010010110110011000111010110000110101110
0110001010010011010100011110110010100011110100110001111101001100 0101011010000101011100011110110100000111100111011011001010010001
1110010101011101010010110001000010000010100011011001100001011111 1110111001110000110011011111101010000000101111110100010010111111
1001100101111001101001100100000011010100111011101011001101101111 0100010010010111110101010011111111110101011001001010100110011101
1000110000111010101101101000111110110111001001001010111111101010 0111010101001000110010101011100111100000011100011010111011011100
1000111101111101010000101111000010110001111110110000011010111100 0111000001100100010101110001001111010010111011101101110111000101
0011001001001101110001011000100001110101000000001001100110001110 0101111101100111100011010000010111111010100000000010011100101010
1001000011011011010011100000000110001111111101010010000111011000 1111110000011010001111100110101111110011100010001101111000101011
0111111110100111010001010101110000100001100110001000101111010111 0100011010111010101101100010001010001101011101101111100101000111
1100001011011101100010111110110110001011101101010001000111110111 0011000111110001000001000110111100101010100111110101010011011001
0111000011111000111011101101111010011000100010000110011000110011 0010100001100101100101101011111100000111100010010100011110001101
0010110001100111111111000011101011110001001001000001011010111010 1110111110000100010011111100010111001111111111100110001001101010
1110000101110000011110011101001000000010000101001111100010110001 0001011011010001001000000001001101011011110111010101100111011111
1100000010010011111000110001101000011100011100000101000110011001 0111101000111010101001011011111001001001101001111100001110001010
1010101010000000010011011101101100101110001001110000011000110100 1010001010011110011011101111000011010001001111101100011011011010
1001110011100111010011001011110011011111111011101110101001111101 0001010101010111100010001011110111001110010001011001000010001000
0101110100101110101100100110011010000010111111111011001100100111 0011010101110000010110101001110100011100001010111010110101000110
1001000001101110110010010100010101001000011101010100100111000011 0111010001100010100011100010001001111001011110000000100110011011
0000110000111010011000100110111100011101000110111010101100111001 0010110110011110111110100101011110111011100011111010010101001110
0100011111111110000000010001101000011000110110001011100001011101 1000100011001111000110010010101111101011111010010111001010100011
1110111110101011010100111010000010011011111111100100100011001100 1101011100010111000100010100001110001000110111000010001100011110
1101011110110110100001111100101011010100011011011011101100000101 0010010100101111011111111010100111010110110110001101110100111100
0011011001001001110110110001101111001000011100000100011010100101 1010110100010010110101011111100010111010001001000111001010111101
0110110011000111000000101001110100010111101111011100110110100001 1111001010001011000010011101111111111011000000011111110011011100
0100110010111000001001010111000110100110000001111110101110111101 0001101010110111000000011011100000010111111100101100111010110110
1011100110100110101001010010001101110100111010011101000000000011 1000011001110110101111000100010000110000011011001110000011001101
1011010111010101010011100001001111101101000111000001001000001111 1111110010011101101111010100110111010000100000001101001101010101
0000110000110001001000110000111111101100110011011001111100111001 0100101010110110110111111011111101101001101010101111100101001010
0010101111100101100100111001000110101101100001011110011010000100 0110011001000001001110101110010100000011000000000101100110001011
0001000101001000111001001000001111101101100000110000001000000110 0101001101011111010110110101011010111011111101010010111101000010
1100000111101010100110000111000110010110000010000011010110110111 1001011111010010110100010100110000111110001010000000011101011011
1100011000111011100101111001100110101000011110101001011101111111 0100101011000010100110100101000100110111000000001111000101101001
0000100000101010000110001000000010010101011111001000100100101001 0101001011101010111010111010100100001010000101100000011000111011
1100000111101111010011000110000110011000101101101100100011101101 1100111101000000010010111000111101010100000101110100010111110101
1110010111111000011001110101101001111100101000011001000011101011 1010100101011111101110011110110110110101001001001101000010011010
0100010111001111010101100011101111011100001011101111110010000010 0001000111111011100001011001100001001000111010011001000101010111
1111001001000011010001100000001110110010011011001010000011010111 1101011001111111100101001001100100010001001011100010010001011000
1101101110001110001110010111000111100100101101111010110101010101 1111001100010001111011000110010110001101010110100110001101110011
0011100100111001001100011001111100001111011011001001100000000010 0110101010011111100001100010011011000000111001000100001110111010
1110010010111011000100010101001010000100110101001001100100001011 1110011010010010111001111001011001110001101110110101111110111010
1011010001111101001100010100000001001010001100110001110010010001 1111100000110011000100011100110000111101011000000100100100101100
0100001110001110010000101000010101011010110110110000111011001100 1101110010000100110000100100000010110000011111010111100010000001
1110101010011010111001111011000100011000111100011000011011101011 0111101001100010111110101000111110011010101010110101000000011111
0001100001010110100111100101100001011101100110101110111100100011 0001001001011101111110100000111000010110001001101011001100111010
1111101000010101111010011000101111101100001000111001010010100001 0100101101101110010111000110101110001011010101101111000101110100
0000110101110010101010011101111011010111101101001011001001110010 1100011110111011001110100110000100101001111011101011101010100010
1010000110110111101010111110001111000100110011110010101001110000 0101000011110100101111011010001110000010000001011110001000111001
0011100111001101100111011010101111000000000110110101000100000001 0100000010101110111001000001001001000000100010000101111011011111
0101001111000001011100100111001110100011111101001110000110011110 0010001110110111011001010000010011010010001001111011011000100011
1010010000110000001100011110000001110011000010100100100100011010 1111100110110011000000111010000100000011100011100010111001111000
1111000010100010100100111110000110011011100001110011010100000100 0011010010101110000001110011111010110001010101100110111010010000
0100001111010100010100011001100111000000001011101011101110100101 1101111111000000010000100101111101100000011001101010000101011011
1010010101110001100101000111110101110100001000110001100110000111 1000010101000101111001010101001011110110010110010010011111001000
0110000110111111001110001000100101110001101010110100011010110010 0110100000010001111101101000001101101011111011101000111101110000
0001000101000011100111101111010100000101110110010101010100001111 1100111001011101010000100001010101100110101101100101000001100111
0001010011111111011110101010101111100000100000010001001101011011 0001010001001100000001111011111101010011011011110000111101010000
1101011001101111001111101011110110110010111101001111100101001011 1011101000111111001110101101000100010001100101111001000001011111
1010101100110101110010010011100011000001010011110010110111110000 0000010010011010011100001011110101010010111010111010011101011010
0100011000000101000010010010111110110011000010000011000011100000 1001110011110011000110111010010111010001000000011011000010000110
0100110011001001101101101001111101011011010011010100101010110011 0111111100011101001100000111001001001001011011100111011110001101
0111001101000111111100110011100100100100101000000000111001010100 0000000011011100010010100011110100010001101000010110101011101001
0100101010101111000000001000100100101110010011000011110111011110 0110110000011101010100100010100000000100010001101110110010000110
0010000100111100011100101100110010011000101000100110001001111111 1110001110011000001110110111101010101001100111011101101111101110
0010101110110011101110011110100100001000010100011011100001100011 0110110000100001110110001101011001101010111100011010100100100100
0001001010100111101100001001010000001111110100111011011100001101 0111010010101110011110110001010000000010010100101101010010100111
1011101011010011100001010011100110101000111010001110101001010011 0100101110111011101110011011000110101011000011001100101010110010
0001101011100001110001101001110010111111101000011010100010000101 0100111111000111110110011101101000111001001000010101100100101110
0101111101101001000111111000000001011101011000111000111110100011 0100001100010000101110001010110110000001010010001001010111000001
1110001110111000000010101011010101111010011111110101111001101010 1100100101001101101111100100010101011001011011010111110100110111
0001000000100111000100001100100100111010111110110110001101010001 1000001100111001100111110110110001010110110100100110010111001010
1101011100011100111101110111000011011000101010011100100100100000 0100011000101111000100010011101100101101110010010110010110110101
0110010100000011111111101000001111011001000111011100111100110111 0100011101010000011110100011010000101010010100001001111010110111
1010111001010101000100101111111111010000110011001000001100000011 0111010001010011110100010011110111101001111100011111111010010110
1110011010001100001000001011001001101101100010001010101110111111 1111011011110011110011110011010001010001111100101101000110110100
