101110101101010101011010101101011110100111110110
010100001101011100000000000100000100000100001101
001000000110100100001000001000001110101100001100
001100000111111110101010101001010000000100001100
000111111000000001010000000010101010100110101100
110001010101010111110000001111111100001101010011
011101010111110110100001011100001101011011111001
100110101100001101011100001001011100000100001010
010101010100001100000011111000001110101011110001
001000000000000001011010100100000010101011110000
111010100101011000001000001100000101010101011011
110000000111110010101101011001011011111000000011
001101010010100011111111111110101010101010100100
100001011101010100000101011100000101010010100110
011110100111111100001010101100001010101001010101
010010101110100100000100000000000010101011111101
110101011010101100001010100010100110101010100111
111110101001011100001000000100001111110111111111
110100001100001010100011110010101010100110100111
110000000110101110101000001010100001010010100011
001001011111110101011010101000001011110101010000
111011110110100011110101010001011110101110100111
110111111100000110100000001001011100000000001011
010100000101011000000010101110101010101010100101
101001010011110000000110101110101011110110101110
001010101110101111110100001111110000000001011100
000000000101010000001100001011111100001110100100
001111110010100010101101010111110110101011111100
011010101111110111111001011111111111111111111101
000101010001010101010000000100001011111011110100
000000000111111110100010101010101000000001011000
011110101000000100001100000000000000001011110001
011100001000000110101100001010101011110111111101
110111110001010001010101011010101110101011111111
000010101101010100000011110110101101011110101000
111001011001010010101101011001011011111101011111
010000001000000010101010100010101100000011110001
000010100101010111111110101100001111111011111100
001111110011110111111111111000001011110000000000
000100001001011010100000000110100101010111110000
110000001111111010101101010111111010100101010011
111111111110101000000100000100001000000001011111
001000001010100110100011111101010100000000000000
000001010101010111110101011100000111111001011000
110110100011110001010111111110101101011100001111
100111111100000001011011111000000000001001010110
001001011010100010101100001110101011110010101000
110111110110100110100110101110100110101111111111
000001011110101000001110100100001011111100000100
111111110010100000001000000111111110100101011011
100001011111110000000011111000000001011100001010
101011111101010100000101011100001010100000000010
111000001001011010101001011011110011110110101111
111000000111111011110110101001010001010111110111
011111110011111101011101011110100000001111111001
000011110011111000000101011001011000000101010000
001011110000000111110111111001011010100001010100
101010100011111000001110100110101100001010100110
000001010110101001010011111011111010100110100100
011111111001010011111110100000000100001111111101
000001010010101101010011111011111010100001010100
101011111101011100000100000011111010100000001110
110011110111111001011010101001010010100000000111
010010100111111010100001010011111100000001011001
110000000011111000001001011101011110101100001111
011100001001011101011010101010100011110111110001
001110100111110010101011111100000001010011110000
001001011000000100000011110010100101010011110100
111010101010100110101011111010101001011001010111
110010101001010010101000000110100100000110101011
011111110000000111110110100010100001010011110101
100100000110101100000101011110101000001010100110
111111110001011001010110101000000000001001011011
001010101001010010101000001110100010100101011100
000001011100001001011111110000001001010000000000
001110100010100111111010101011111010101010100000
001011110010100101010011110011110101010101010100
110001010101010001011011111010100100001110101011
000110101001010011111001010011110110100111110100
010001011101011111111000001010101011110011111001
000100001111110101010100000011110110101001010100
001001010101011100000010100100000011111011110100
111110101011111100001110100010101011110110100111
000010100000000110101000000100001110100100000000
101010101110100011110000000011110000000110101010
000111111011110011111110100000000011110011111000
111110100100001110101001011000001100000010100111
010011111001010100000010100000001011111000000101
101101010111111101011001011000000000001010101110
100111111010100010101100001111111010101111110010
011101011010101101010101011010100000000101011001
111011111011110100000100000110100010100111110011
101000000001010100001010101000001111111101011110
001111110000000100001100001001010111110111110000
000100001101010110101010100011110111111011111100
101011110011110110101110100000001011111000000010
111011111101010010100101010111111101011101011111
010001010110100011110111110000001110101001010001
110100000010101011110011110010100011110111110111
011100000111111110100001011011111101011011111101
010000000011111010101100000110101110101000000001
000010101001011011110001010101011010101001011000
000100000110100100001110101101011100000010101000
011000001000001111110101011111111101011001010001
110010101000000010101100001010101011110010101111
100101011111110011111111110000001110100010101010
011111111000001101011110101111110100001011110101
000010101000000111110011111000001001010000001100
011001010010100010101101011100001000000011110001
101100001011110011110011111011111000001000001110
100101011101011111111010101001010101010000000010
110100000001010010100000001000000100000110100011
111110100110101010101111111111110110101001011011
000010101000000100000011110110100111110010101000
011000000000000101011001011110100010101101010101
111010101001011101011101010110101011111011111011
101101010100000011110011111100000110101001011010
000011110100000100000000001100000000001001011100
001010100010101100000000001010100001011011111000
101010101111111110100001010001011011111001011110
101000000111111110100011111110101101011011111010
000101011001010110100110100111111010101110100000
010101010001010000000100000011110100001110100001
010011111100001100000101011001010111111001010101
001010101001010111111111110000000011110001011000
010110100011110000000111110110101001010011110101
101010100100000010100110101101011001010010101110
101011110111111110101001011100000100001111110110
001000000011110111110001010010101110101100001000
110000000010101101011101011100000101010101010011
110011111011110011110111110101011011110010101111
000100001011110000001111111111111110101010101000
011011110011111111110101010001011000001000000101
001110100010101010100110101010100110101011111000
101111111010100001011100001111111101011011110010
000001011001011111111100000000000010100001010000
100000001011110011110111111110101000000101010110
111100000100001100001011111111110010101110101011
000010100010101100001001010110100101010001010000
001110101011111110101001011010101001011010101000
010111110011110001011001010110100000000110100001
100000000011111001010110101100001110100000001110
111101011010101101011010100010101010101101011011
111111111100000001011000000011111100001001010011
001001011010100101010010101000000000000000000000
111000001001010011111000001110100101010111110111
010001011010101000000001011110101011110101011101
000110101111110000001111111101010011111001011000
001011110001011000001111110010100101010111111100
100101010010101110100010100100000101011001010010
111100000000001010100100001000000100000111111011
011000000111111100001000001011110111110000000101
011001011011110010101101011001011000001110100001
000001011011111011111000000111110101011011111000
010101011100000111110010100111111001010010101001
000010100001011010100010100111110011110000000100
101010101010101011110000001111110111111111110110
101001010111110110100001010100001001011110100010
110101010101010110100100001010101001011111110111
100110101100001101011000001110101101011010101110
100001011001011110101111111110100111111110101010
010001010010100011111100000110100010101000001101
111000001101011000001010101000000010100110100011
010100000000001101011000001101011010100111111001
011110100110101100000101010011110001011111110001
011101011011110101010011111101011110100011110001
100100001101011001011101011110100100000011110010
101010101001011110100101010100001110101010100110
110101011110101110100100000010100101011000001111
000110101110101111110010101010100100001111110000
101010101110101111111001010001010000000011110010
000100001111110100001011111000001001010001010000
110100000111111111110011110100001010101100000011
010010101111110001010000001011110111111100001001
100111111100001100000001010110101111110100000010
001001011000001110100001010000001010100011111000
101111110011111111110010101000000100001010101010
011011111111110110101111110110100000000010100101
101011110101011011111001010110101101011110100110
111111111001011011111111110001011111111000001011
001000001110100000001110101001010010101111111100
000011110100000111110110100111111011110000000100
011011110001011101010111111101010110100100000001
001111111000001011110001010011111111110000000000
101001011110101011111011111110100001010110101110
101110101100001000001101010001010110101111111110
001011111011110101011001011101011110100100001100
101100000111110010100000001011110110100010101010
001011111010100100000000000101010010100010101000
010000000000000111110101011100000100000001011101
100101010100001011111001010101010101011011111110
001010100010101111110011111111110011110101011100
011100000011111100000100001010101111110010100101
001110100001011101011000000000000001010001010100
110011110001011001010101011101010100001101010011
011101011110100001010000000011110000001001011001
000111111011110100001011110000000011111001011100
000111111001011010100010100001010101011110101100
011110100101010110101010101001010111111010101101
000001011101011110100001011110101010100011111100
110010100101010000000001011010100011111011111011
111011110010100111110110100000000010101001010111
111111110101011101011101010101010011110010101011
111011111101010011110010100011111000000011111111
001110100000001001010011111010101101010001011000
010000000000000101011111110101010101010110101001
001100000010101110101111111101011000001111111000
101010100100000101010111110000000011110101011010
001010100111111000001110100010100010100000001000
000111110110100110101011111111110011110100000000
100000001011111000000111110100001110101010100110
000011111001011000001100001111110100001001010000
000001011100001001010010101010100110101111110000
011011111111111111111111111110101010100000001001
000011110111110110101001011111110000001010101100
010100001001010000001101010011111101011010100101
111011110001011110101001011110101101010110100111
001100001001011100000011110101011100001111111000
101100000100000100000010101100001011111010100010
110111110100000011110101011010101111111101010111
101010101000000111111101010010100111111101010010
100110101011110100000001011101010011111101011110
111110101001011011110101011011110010100010100111
110000000111111111110100000010101010101001011011
110010101100001110101100000001010011111011111111
010100001000001001010100001110101110100101010001
010010100111111100000110101110101011110000000101
011010101101011111110010101011110000001011111001
101111111111110011110011110000000111111010101010
000010100100000011111110101111111000000011111100
111101010111111100001011110110101000000101011011
110101011110101000001100000000000110101100000111
111010101100000101011101011011111010100001011011
101011110111111110100011110010101000001010101110
000110101001011000001001010001010010100110101100
100001011011110111111001010110100100000100001010
010101011111111010101001011010100011111100001101
011101010000001001010011110001011011111101011001
000101011100000001010000000101011010101101010000
100111111000000111111100001001010111111010100110
100011110001011101011001011001011111110100000110
000001010010100111111010100000001010101110100100
110010100000000111111101010100000000000000000111
011010100101010011110011111111111011110100001101
110000000010100000001100000100001101010111110111
111111111001011110101011111000000101010001011011
111110100011111100000001011111111011110111111111
011110100010101010100010100001011001010100001001
110110100101011010100000000111111100001110100111
010111110110101100001110101000000010101010101001
111000000010101111111111110100000110101101011111
010001010010101101011111111111111111111001011001
101010101011111111111111110110100110101100001010
111000001110100101010101011100001011110101011011
111000000000001010100011111101011000001010101011
101111111000000101010000001011111110101110101110
011110100011110111111010101100000101011111110101
011001011001011100001100000001011011111100001001
111110100000000001010111110001010011111101010011
000000001110101011111101011000000101010110100100
011110101001011010101011111111110011111001011001
000101011000000110100011111010101100001001011100
111101010001011111111111111101010011111101010111
100101010100000010101011111011111110100110101110
000000001110101010100001011001011111111000001000
011000000000001001010100000011111010101100001001
101110100000000110100110100011111011111000001010
010000001010101011110010100101011000000011110101
111100000010101110100010100101010000000101010111
011001010101010101010100000111110100001000000101
110010101101010010100000001011110101010100000011
010110101001010101010001010011110110101111110101
011001011010100101011101010111111101011111110001
100011111001011100000001011100000011111110101110
001101010001010011111101010010101010100011111100
011101011001011000000100001110100100001001011001
010011111010101100000011111000001101011100001101
001000000110100001010000000100000001010011111100
100101010001010110100011111110100011111101010110
111100000101011101010010100000001000000100000111
010101011100000101011110101110100101010011110001
011110100110100010100111111110100110100100000101
010111111001011101011010100011110010101111110001
011110101000001011111110101000001010100100000001
110100001011111011111100000101010010100011110011
010100000001011110100011111001011001010001010001
100111111100000110101111111100000011111001011110
111111110100001001010001011010101101011110101011
100101010110101011111110100101011011110111110010
011001011110100011111110100000001010101001010001
100110101011110001010010101010100110100000000110
111000000100000101010110100101010000001001010011
000110101011111111111111111101011100001101010100
110000001010101111110110101011111101011100000011
000101011001011110101000001101010100001111111000
100100001110100110101001010100001000001111110010
011101011001011101010001011000000111111110101101
000100000111110011111100001101011101011100000000
100110101110101011110011111011110110101000000110
001101011100001000001010100101010101010110101100
100011110000000101010001011110101010100110100010
111000001011111101011000001000000110101101011111
011101010100001101010001011111111100000111111101
000100000101011111110011111001011011111010100000
000111110100001111110001010101011001010001011100
010110100000000111110100000100000101011100000101
100111110100001001010101010100000110101011111110
111100000101011000001001010100001000000011111111
011110100111110100000000000011111111110111111101
001001010101011110100011111110101011110011110000
100011110110101111110011110101011000000010100110
000101011100001001010100000111110101011101011000
101011110011110101011111111000000111111101011110
000010100010100101011001011101011000001001010100
101101011011111111110001011000001111111011110110
110110100100000001011011110001011000001011111011
101000000010101010100101010000000000001010101010
001001010100000000000011111100001100000000001100
110100001111111111111011111101011111111000000111
000101010011110101011111111110100011111001011100
111000000000000111111110101110101000000110101111
101001010110101001010100001011111110100111110110
010010101000000000000001011001010101011011111001
111101010110101111111111111101011101011110100111
001010100000000000001101010001010101010010101000
101101011111110111110001010010100101011101011010
000111111100001010100100001110100000001101011000
000011111010101100000011111001011010100111110000
111111110000001010101100001000000110101001011011
100001011001011010100001010111110000000000000010
100100000000001101010011110000000001011101010010
001101011101011110100101011110100001011010101100
000011111111110110101101011010101000000011110000
101111111101011100000000001001010011111010101110
001011111101010110101010100110100111110000001000
111000001101010111111000000101011110101000000011
101100000011110111111010100110100101011010100010
001110100010101011111110101100001110100010100000
000011111110100111110011110010101101011010100100
000011110110101000000001010011110111110111111000
111000000010101001010101010011111100001000000111
101101011000001110101101011000001000001010100010
110100001011111001011001011011110111111110101111
000010101100001000000010101000000110100010101000
101111111110101011110100000000001100000010100010
001011111110100011111100000001011110100011110000
100111111110101100000100000101010011111011111010
000010100110100100001101011100001110100110101000
000000000000001101011011110110100100000000001000
011000001101011101011111111011111011110101011001
111011111000001110101100001100001100001001011111
110100001011111111111111111101011100000011110111
001000001110100001010111111101011101010000001100
000011110110101100001110100011110101010111110100
101000000111111011110100001111110010101010100110
001110101101010110100011110001011000001000000100
100100001010101000001000000010101100000010100010
001001011001011011110001011110100110101111111100
110011111101010000001101010000000111110000000011
011010101100000000000010100001010001011111110101
001010100010100001011101010000001100000000000100
100001010110100000001100001001011101010101011010
101100001111111110100110100101011000000001011010
101111111100000001010011111011111100001010101110
001111110001010001011110100100001101010011111000
001110101000000010100010101000001100000010100000
010011111111110101011010100001011101011111110001
011110100011110111111010101101011110100111110001
111110101010100011111011111110100101010111110011
011100001011110111111100001110100011111101011101
110100001010100111110100001010101001011000001011
000100000111110100000111110010100001010110100000
010110100001011101011011110110100000000010101101
010110101010100011110010101111110111111110101101
100110100110101110100111110100000100001100000110
001100001001010001010001011001010001010100001000
111110101010100011111010100001010011110000001111
100101010111110111110010100101011000000110101010
011011110011110001011101010100000101011010100101
011010100000000100000010101011111010101101011001
011011111011110000000100000001010010100101011101
011010101100000100001000000000001000001011111001
010011111011111011111001011000001101011100001101
111001011110100001011110101101011010100110101111
110101011011111011111100001101010110101000001011
011000000001010110100101010110100100000100000001
000011111101010101011000000001011101010000000000
011100001100001001011111110100001100001101010101
010100000100001100000010101001011101011111110001
011101011000000111110010100011110100001110100101
101011110000000010101000001110101011111011110110
110000000101011110101100001001011111111100000111
011011110101010111110100000101010011111010100101
000000000001010011110011111011111010101111110000
010100000010100101010110101000001010101100000001
100110100100000001011000001110101000001001010010
001110101001010010101110100110101010100101011100
101001011001010011111100001010100101010010101010
000111111010100100000110101111110001011000000000
010101010011110100000001010001010001011100001101
111100001011110000001100000011110101010000001011
010000001011110010100111110010101101011010101001
101110101100001000001001010110101111111101011010
010011111001010101010111111101010111111101010101
111010101111111111110000001010100100000011110011
101100000011110100000011110101011110100110100010
010100000010101100000100001010101111110010100101
001101011010101111111111110101010000001001010000
111010100001011010101001011110100111111100001111
110111111011110101010000000110100100001101011111
000001011011110100001111110100000001011100001100
000000000101010100001101010010100011110111111000
101001010011110111111011110000000000000100000010
010001010111110100000010100000001000001000001101
011011111010100100000010100101011011111111110101
000101010000001001010110100100000000001011111000
001000001000000001010111110101011100000000000100
011110100001010001011111111111110010101001010001
010101010011111110101110101000001000000000000101
100111111011110110101110101010100100000011111110
100000001100000111110001011000000110100101010110
111010100101010001011000000010100101011100000111
010001011010100001010110101000001001011001011001
011011111101011101010101011100000101010001010001
101010100010100010101000001011110011111110101110
010011111010100111111101011001011111111010101101
001011110100000101011110101011111111111101010100
110100001000001001011101010101011011111011111011
000000000100000110100101011011111001011100000000
000100000011110001010100000011110101011110100100
001010101110101010101010100000000010100110101100
101100000110100010101011111011110110101111110010
010001011111110000000001010111111101010100001001
101111111000001111111011111111111111111110100110
010101011001011101011100001110100101010010100001
010100000010100101010100001000001010100101011101
010011111110100000000010100100000011110111111101
000111111101011011110100001110101001011010100000
001011110011111001010011110100000010101101011100
101010101011111010101111110010100100000010100110
011111111110100011110011111000000001011101011101
100010100011110101010110101111110101011110101010
110011111101011010101000000011111100001100000011
000110100010100001011010101000000000001011110000
110100001101010010101000000001011100001110101111
011110100110100110100011111001010101011111111101
000010100110100100000100001101010111111010100100
100000000101010110101010101100001100000111110010
001110100100001010101000000110101000000011110000
111101011001010111111000000110100010101111111011
110110100011111110101010100100001010100001010111
001000001001010000001010100110100001011001011100
000111111011110011111001011000000010101011110100
110000001010101100001110101100001100001110100111
110101011101010000001011110111111110100001011111
001010101100001110101100000101011010101000001000
010101010000000100000000000110100101011101011001
010011111110101111110100001100001100000010101101
010011111110101101010101010001011110100010100101
011001011001010100000011110001011010100011110001
111001010011110000001010101000000000001110100011
110010101001011000001110101101011011111010101011
110100000110101000000101010000001001010001011111
001101010011111101011011111001011100000100001100
011001011111110001010001011011110111110111110001
111110101010101101011111111000001101010110100011
101110101110101010100110101010101011110111111010
111101010101010100001100001110101100001001011011
010000000100001011110101011010101101011110101001
101001010111110111111000001011111000000011110010
101100001110101110101010101100001011111010101010
011111111100001011110100000001010001011010100001
101000001101011001010101011001010000001001010010
010000000001010010100110100001011111111011111101
101110100011111010100110101010101111110111111010
001110100001010000001000001100001110101100000100
000101010101011010100010101011110111110010101000
010100000000001001010000000011110101011111111101
110000000100001111110100000111111100001001011111
000011110100001000001011111001010011111000000100
001100000110101101011110100000001010101101010000
110110100111111101011100000011111000000001010111
010100000110101100000110101101010010100010101001
010010100111110100001001010001010101010101010101
001100000100000001010011110000000000001100001100
000010100100000100000110100111111010100111111100
100110101010100000000010101100001001010111111010
000101010100000001010101011010100010101011110000
100110100010100111111111110111110011110010100010
101100000101010100000000000010100010101000001110
000001011011110000000010101100000111110101010100
100000000111111100001000000100000001011100000010
110000001101010000000001011110100011110101010111
011011111000000101010110100011110100001100000101
100100000110100010100100000100000110101011111010
101101011000000101010010100000001101010011110110
111110101010101100000001010101011001010010101011
011110100110101001011010101010100011110000000001
100111110010100111111010101111111011110010101010
100111111000001111110100001111110100000001010110
