01111100001100100010001011110110
10000001110011111111001111100110
01000011000001010000011110011010
00001100110110110011111100011010
10101110100100010010101010110110
10000001001111000110100010101000
01110001001111110011111110001100
01110010011000011101110011001001
11000110011101101000000111001010
00000000101010001000011100001001
11000110000000011011000000101010
00000001000100000100010100001100
10110010001111011101111110101011
11111001100011010000001101110110
11011100110101100001100010110111
01100101010111001010001001001110
00110101111001001010010001111110
00101000100010100100010001100101
00111101000110010110101000000111
11000011100001101110001111100110
00000110011111111110111011111011
01010100101110000011010010001011
00101001001000111110111100010011
11001000000010000011100011110100
11001011100010111110010011000010
11000000000010111101111111011001
00001010001000000000111110011110
10100000011001111100101000001001
10111000100110110110100110011010
11001010110010001111100110000111
11110110100011010010101111000011
10000111000001110010011101100011
00011001011001011100110000110100
01000010011111010011111010010000
10111000101100000111111100001100
00101011001001100001010110110100
00000110010101000101101100110101
11011001111111000010100100100111
00111010001110010010100011101100
10100101001000111111101100111011
10101110000001100010101010111110
10110111001000101100111101110000
11000010110010000111110001000101
11111110000010001010111100011110
11111010001110001110001101011110
10001001010011010110010010101111
00110010011111101101000000110100
10000101111000101000100000111101
10011010000001000100101000100011
00001110001010100100100100101001
00101001000001000110110100011001
00100110110111011110111100001001
00011011110110101010000100000001
00100001101100001010000011000101
10111010101011110101100011011010
00000001000101100011000110100111
10101001101000101010011111001101
10001000101011111010001110101100
01100001111111110110101101001010
11011110110101111111111110001011
10110101111000011101100101011000
00101100110100110001000111111000
01010011110000011100011011001110
00100111100100001001010011111000
11101100011001001000101001100111
01010111100101010001100011101111
10001010111101010110111001010010
00010011110011010111010110111011
11100100101111111100100011010001
01110011111110000010100001010000
10000111010011000110000101011111
00101100101000011101011110000111
00010110110001100010010110000111
11010010000100011100010100001111
11111110111101000110111100000101
10111101010001110111110100110100
01000100011000101111000000101111
00110100111011001101000010011110
01101101110011110110011100011010
00110010011100111101001110001010
00011100011011100101100101100000
01111101000100111110000000110010
11001101101111100000100111011011
00010111001001111000110001011111
10011011100110101111000000100010
01111000110111000110010100101111
11100000010001011000001111110001
01111100011000001010001100001111
00011011011010101110011011101001
10001101011110110110101110100001
11100010100100110111100111011011
00110000001000100010000010110000
01111011100011000001101110001011
11110111011011011111101111100000
11101100101111100101010000000100
01011101010001001100000110000101
01100110110011010111010011001111
00110000011000110111101010010011
00101011100101111001100100111001
01001010101101100111101110110001
01011111001101001101011001110011
10010010001101010100100001000111
11101001100110011101010111100011
10000111001000100101110001110001
11011110111010100111100011010111
11100111011100101000011100011010
01101011010011100001100110110111
11111111000111100001001111010010
01101011010001101000111001100100
11011110001000011101100100101010
00101000110011000101000010110111
01010011001001100110000111000101
01010110000001101000110100000111
00001111100010111000000111010110
00110010100001100010101010100010
00110000000001011000101111101001
10101111101110111011011111110110
11101111010100011001100011111001
00010010011001100011010011101000
01010101100110011100100000010111
11101100011010100010101000011011
01110010100000110001010001000101
00101101001001000110000110011100
10110100110101100100010000101010
10001111100100101111000010111100
00001101100101011001010100110001
00111001001011111011001100100011
11111101001111101110110110100101
01100000100000110111100011111011
11001101011010000111010000001000
01101110110000010010000011011110
01101111110001110000101000101000
00101101001101000010001111000000
11110001010101110001111100000000
00001101110001100111000000100010
01100001110110001011000011100100
00111111101011111001010111011000
01101110000110000100111100010111
10000000001100001110100000011111
01101011110100010000011111010101
00000101111000110110100101000101
11010110100001000100110010101101
00011000110111000110111101110011
01101100100101101011100110101100
10010011110001001001010111100011
10110101111001011011010010111110
00011011111001100101010110001101
10111010110100011110001101111100
01011010000001110010110000001101
11001000100010101100101011111011
01110111011010011010001010111001
11111111001000001111011101010000
11111010100000100110101101000101
01011111101101011001110011001010
11010000010111111101101000011001
10100100000000001010010010100000
10101100010011101010010111111110
11111010101000101001111010001010
01101110110010111101100000111100
10101001000110010110010110011100
00000101011101111101001000010011
01000110011111011100000010001011
11000110001101000110001011010101
01000000100011000001011001011100
11000100101000101011110011000010
01010111011010011100110000010000
01001010101011101000010010111001
01111001110110111001101100100010
10110011010001110001000011100111
00001001011101011011010111000110
10101101101111100000000111010011
10111100100110000110000001001111
11011011011101100110110000111000
00101000010110111110101110011011
11011011001011011111101000100111
11010010100000101001010101101010
01011100010011010011000101100101
11000000111111110100010101011011
01010001110011011000101100000000
01111000001110000110110011101001
11110110000000000110010001100010
11000001000111000111101111000100
00001110101110111100001101000110
11110010100010001001100110000000
11010101011000001100111100110011
11011010100010010011010010010001
11100111100111000011001000111100
01001110101100100101111010001001
11110101110001100000011001100101
00110101110001011001001000110101
11001011011010101011100000101101
11101011011000011101100100100010
11010110010110011001111101010000
01011010011010100101111000100111
01100001011101011011010110101110
01000100111100001011000100010000
11110000100000111001111101100110
01001111110010010001011111110111
11110011100100101101010111001001
10001000011001000000101011101010
01110111100001011001111011001110
11010001100101000111110001111110
01001011101001101000100011011011
01110110010001001011111100110011
11110000101010010010011110110011
11110000000010110010011100100011
01111000110110011010110001110010
00000100111010001000000000000111
01001011101101010000100100101000
01101001000001101000111110011000
11100110000101100001100101000100
00000110000110110101001011101111
10010110010110010111000011001001
01001011001111111001101101001000
00010010001000110100010011001110
11000110000101100000011001001011
01111000100110101010111111100110
10010111010100101011011011100011
01011011011101011111011101111110
00101101010110111011100100100001
01011001001010101000000010000011
11111000100000010111010001011001
01110110001100010100100000111110
00010111100000100101100000011010
10001010100010001100000001011011
11101010000111011001110010101000
11101011001001110110101001001001
01111101100100101001100100111000
10100111010001001110101100110111
00000101111000111011000011110011
01010100001001110001010011110100
00000110011011110011110011001110
10001011011110000010100101000111
11000111111101110010101100011100
10101011001101011110100001000100
01011000011110101011011011110101
01110001100110011011000001000101
01111011001001001111101010010010
00101010000010101101010101101100
10001101000100010111010001110001
00010001100110110110100010101100
11110110001100100000000101111011
11001010100110101010000001101100
00100111111111001100000101100010
00110101011100101001111010101001
01001010101011100100011000001010
01000101010011001011101100001100
00111100000000001110110000000111
10101011111111000000101101100000
10111101000110001001110010101101
01010000011000110011011110000100
10001101101101011011111110010101
01011101010100101000001110010011
00110010101000110001110010000101
10101110011001000101100100101011
11010100001010001011111110101010
11111100111110101010111001110100
10110011111001101101011110001100
11011010111111000010000111011001
10010111011010110111000100111011
10111111010010000101010100101110
11111001001110111100010101100100
10000100010001110010100011110000
00100000111110000000111110100010
10000011101101011011010000011001
11100000011011000001110000101111
10010000101101101111100000000001
11011001011110010010011010101100
11101100001110000101101110011110
10000001100011110010010001100101
10111001101101100101001000010101
10101111010010101001100101101000
10111011001011101000110001111101
11011001010101100000111110010000
10101001011111011101001110100011
00111011000000010101000100010001
01110111101001110100010000001100
10111110110101010000111110110010
00111010110101001000000110110011
11010100011000001100010101110110
10000001010000010110101100010110
11010110010011000111001111011001
00001100011000010010000111010100
11000000011000100000000010101110
10100001001110110100011001010101
11010010011001110001000000101001
00110001110010010110101000000101
00001010110110000001100111010010
00001100101000001011100000110001
10011000010110001111100001001101
10010111111100100100110100100001
01111100100110110010011001001111
10010001001000101010100111010111
10110011001010111000010111100111
10001001011101011000101111011001
01110011000101011111100100111110
11001000110000000110000010100001
01110011011010000100110011111100
01100001101111110001010011010101
10011000101001000111101001010111
10110101101111000101010100101011
11100110110101110001111100100111
01100001101001101010000010110010
10011100001000100001100001110010
00110001100001111001101110001010
01101010110000100000101011010100
01110011001001001010110110101000
10100100011011110010111101010011
01000010011010010110110101111010
11010011011010001011100110000001
00010000010101010000110000101100
11000111000001010111000010110110
01010011001101111010011011000001
00110010110000111010011000101101
10010100110000010110010101000001
00100001001100010000111101011111
10000111000000100101100010100000
01110111100010011011110100000110
00110101100100111000111101111111
10110100010100111100010110000001
11100010100111000000111110001111
10001010000011110101001110101001
11001010101111101000100000101010
10101011000100101100100111110111
11011001100001010100001111001111
00111011101100010000000110001101
00110010111010100001100101111100
00100101100100101101100000011111
00110010110100010001010100100000
10100000110100011011011000001100
01101011101101100001010001111101
10011110011001010001011111111010
11000001101101110111101100011111
00011110011011100000011011000111
00000001111110100011100100001011
11101111011100100101011010100110
00001101110010100000100111101101
10011000110110111110101110101110
11010011000110101011101011110100
11110101010101110111111111110111
10101011100111101101001011011111
01100000101100001000010001101110
01111001000000111011011111100111
11010001111101110101011010101100
01100010010011010110100001000010
10100011010010100001001000110001
10010110111101100101001001010101
01100111010000101010000010100001
11000000011111101101011010101100
11001100000100101101011101001011
01101001001111101000100101100001
11111011001010010101100010100110
01010011001110011010100111000110
11100001110010001011100011000011
00001100000110000101111110010100
00100000001001110000111111001101
10011000100000010110111011000110
11110001000110100010011000000011
01001100001000110101000011110111
10001001101011101000110111101011
01010001110111111010100100001100
01001110011110111100100111010100
00000110100000100001010001011111
00010110100001011101010101001100
01111110011001010001100111110011
10111010001101101001110011000010
00000111101101111110100011001000
10011101001000010110101110100100
00110011001111011101011001000001
00011011000110000100100011000001
11100011111000101111011110001010
01011011000101011100100011010101
01110110000011001100111111100010
00110010100111101011111011010101
10010111000111000000010001101100
00110111100100011111110011010100
01101001100001100000101010010101
01111001011110111010100100001010
01000010110101010001001010111000
11100101011001011101000000001111
01000100011110100101010101111001
01100011101110000000111011111010
11010110110011100110011101000000
01011111010111111101101100000010
01100011100101001110001001011111
11101011010000000101011001111111
01001000010110100011010101011001
10111110100000101001101001111111
01001110001101001111000100111001
00110101101001110000100001010111
11010110110110100001111101011010
00111010011100010011011100101011
10000111011100111001101111111110
10110100111010011011000110110110
00010101000000100010101010000101
10011001010110111110001001010101
11011000101111110011101111011000
11110011000100000000001001101011
10000011000010100010100011110000
11010111010000000110110000011011
11100100110000010011110110010101
00101000100010111000110011111001
11100011000110110111010000011100
11111000010101101101101001101110
00110001001010001000111000100000
01010000110010000010111001110010
10010010110101010000110011101010
01111110011100110000010011001101
11110011001111001000110111101000
10000000011100001000111111010001
11011111100101000101111011000010
01111100100101110010001001111111
11111001010100011010110110110011
01100011110100110000010010111111
11101011000001010000010001111101
01101011111111000000000000010110
01001001111101011001100000001010
11101110110111000111100110000001
11111000111010000011101011011001
11110101011100000111000001001111
11100001011010111111111101111010
10101111010001000100111110100101
10101101101111101001000010110010
10010000111101111100001111100010
10111011110011101000000010001010
10101110010011101010100111011100
10101011111001100100010101111110
00000000000100000101100111000010
01111000010010001110011000111100
10111111101111111100111110001110
00010111001001111001101101101111
00011010110111011011100011111100
00001011001100001011011010001011
10010011010111100001010100001100
01111101111011001101110101001100
01111010100000011111101000110001
10001011010011000100100111001101
11110110111011111010011110010110
10000011110111011011101010010001
10101001011000010011101000111100
00111000100000000100010111001110
11000001000000011000001011101000
01011111000010100111010111001111
00111011101110010101000010100100
11000100000001001101011000000101
00000110010101011000001011011101
10111001000010000111101011001100
11011011010011010001100111010101
00111000010010111010100011111111
00111000100110110100100000011001
00001010010110000110110110110010
10010000101111101001100011011101
01111111101011101000010100001000
11000111010101000110000100110111
11000110101110001100001100001101
01100110111011000110000111110011
00001111101100000000111011010101
10001000110110110010011001101001
11100011100001100000110110011100
10111000111110000110011000111110
11110111011101000110001010101111
01110011100101000110101011000100
01111101000101000111011001000000
11001101111001000101000001101010
11100110100001001110111110110110
01101001011011000010001100110000
00001010001100100110010100001010
01001000001110011010100010011010
10011100101001110000111001100101
00011101011010000000000100111010
01001000110011111011101101100110
11111110111001110010010010011100
00100010010011111001100000100010
00000111110001101011111110001111
00110110101011100101101011100110
10100010010111001000100110001010
01011110001111010110010010100000
00110000101111010110100001001000
00010001101001000101011111000100
11111001000000001100011000101011
01001011000111011110100001111111
10000101111001000000001101100011
00000010001110100001010001101100
11001000111101011111001110011011
10110010000001110110111001011010
11100000001010101111110011110100
11001010111001001001100101010011
10100001000101000011001011010110
10010111101000010110001000010101
10010111101100001000010111010110
01101011110100000011000000010001
00001010000001111011111100100001
00110010101111001100101000100011
01101000111100100000111111101100
11000100010011100111001101111100
01101000101000011110100011110111
01110001010010011000111111100010
01010100011000100011000011110110
01110011100010010110100000011010
01111001111000100110101101100011
